frequency,amb,flag,darm
5.0,0.0,0,3.62e-14
5.03,0.0,0,4.1e-14
5.06,0.0,0,3.43e-14
5.09,0.0,0,4.08e-14
5.12,0.0,0,3.43e-14
5.15,0.0,0,3.14e-14
5.18,0.0,0,3.83e-14
5.21,0.0,0,2.67e-14
5.24,0.0,0,2.52e-14
5.27,0.0,0,1.95e-14
5.3,0.0,0,2.3e-14
5.33,0.0,0,2.21e-14
5.36,0.0,0,1.99e-14
5.39,0.0,0,1.79e-14
5.42,0.0,0,1.52e-14
5.45,0.0,0,1.71e-14
5.48,0.0,0,1.28e-14
5.52,0.0,0,1.29e-14
5.55,0.0,0,1.42e-14
5.58,0.0,0,1.39e-14
5.61,0.0,0,1.38e-14
5.64,0.0,0,1.21e-14
5.67,0.0,0,1.18e-14
5.7,0.0,0,1.19e-14
5.73,0.0,0,1.07e-14
5.76,0.0,0,9.95e-15
5.79,0.0,0,8.26e-15
5.82,0.0,0,7.7e-15
5.85,0.0,0,6.03e-15
5.88,0.0,0,6.33e-15
5.91,0.0,0,6.67e-15
5.955,0.0,0,6.1000000000000005e-15
6.0,0.0,0,5.99e-15
6.03,0.0,0,5.7600000000000005e-15
6.06,0.0,0,5.25e-15
6.09,0.0,0,4.14e-15
6.12,0.0,0,4.45e-15
6.15,0.0,0,4.4799999999999994e-15
6.18,0.0,0,3.95e-15
6.21,0.0,0,3.61e-15
6.24,0.0,0,3.79e-15
6.27,0.0,0,4.33e-15
6.3,0.0,0,3.4200000000000004e-15
6.33,0.0,0,3.49e-15
6.375,0.0,0,3.215e-15
6.42,0.0,0,3.29e-15
6.45,0.0,0,2.58e-15
6.48,0.0,0,2.49e-15
6.52,0.0,0,2.92e-15
6.55,0.0,0,2.9e-15
6.58,0.0,0,2.45e-15
6.61,0.0,0,2.41e-15
6.64,0.0,0,2.31e-15
6.67,0.0,0,2.27e-15
6.715,0.0,0,1.49e-15
6.76,0.0,0,1.8e-15
6.79,0.0,0,1.46e-15
6.82,0.0,0,1.65e-15
6.85,0.0,0,1.8600000000000002e-15
6.88,0.0,0,1.48e-15
6.91,0.0,0,1.31e-15
6.94,0.0,0,1.2e-15
6.984999999999999,0.0,0,1.0655e-15
7.03,0.0,0,1.03e-15
7.06,0.0,0,1.03e-15
7.09,7.820000000000001e-19,1,1.16e-15
7.12,0.0,0,9.67e-16
7.15,0.0,0,8.279999999999999e-16
7.18,0.0,0,8.689999999999999e-16
7.225,0.0,0,8.43e-16
7.27,0.0,0,8.18e-16
7.3,0.0,0,7.82e-16
7.33,0.0,0,7.059999999999999e-16
7.36,0.0,0,7.849999999999999e-16
7.39,0.0,0,6.58e-16
7.42,0.0,0,6.31e-16
7.465,0.0,0,5.985000000000001e-16
7.52,0.0,0,5.41e-16
7.55,0.0,0,6.089999999999999e-16
7.58,0.0,0,5.059999999999999e-16
7.61,0.0,0,6.56e-16
7.654999999999999,0.0,0,4.744999999999999e-16
7.7,0.0,0,4.41e-16
7.73,0.0,0,4.23e-16
7.76,0.0,0,4.04e-16
7.79,0.0,0,5.04e-16
7.82,0.0,0,3.95e-16
7.865,0.0,0,3.215e-16
7.91,0.0,0,3.98e-16
7.94,0.0,0,3.75e-16
7.97,0.0,0,3.37e-16
8.0,0.0,0,2.96e-16
8.045,0.0,0,2.755e-16
8.09,0.0,0,2.68e-16
8.12,0.0,0,2.7200000000000003e-16
8.15,0.0,0,3.04e-16
8.18,0.0,0,2.81e-16
8.225000000000001,0.0,0,2.645e-16
8.27,0.0,0,2.41e-16
8.3,0.0,0,2.64e-16
8.33,0.0,0,2.67e-16
8.375,0.0,0,2.2650000000000003e-16
8.42,0.0,0,2.35e-16
8.45,0.0,0,2.37e-16
8.48,0.0,0,2.02e-16
8.52,0.0,0,2.1299999999999999e-16
8.565000000000001,0.0,0,1.905e-16
8.61,0.0,0,1.8600000000000001e-16
8.64,0.0,0,2.29e-16
8.67,0.0,0,2.1099999999999998e-16
8.715,0.0,0,1.6249999999999998e-16
8.76,0.0,0,1.3e-16
8.79,0.0,0,1.67e-16
8.82,0.0,0,1.8000000000000002e-16
8.865,0.0,0,1.57e-16
8.91,0.0,0,1.71e-16
8.94,0.0,0,1.74e-16
8.97,0.0,0,2.0499999999999998e-16
9.015,0.0,0,1.8950000000000002e-16
9.06,0.0,0,1.92e-16
9.09,0.0,0,1.96e-16
9.135,0.0,0,1.65e-16
9.18,0.0,0,1.34e-16
9.21,0.0,0,1.28e-16
9.24,0.0,0,1.3e-16
9.285,0.0,0,1.2550000000000002e-16
9.33,0.0,0,1.31e-16
9.36,0.0,0,1.39e-16
9.405000000000001,0.0,0,1.595e-16
9.45,0.0,0,1.89e-16
9.48,0.0,0,2.1200000000000002e-16
9.52,0.0,0,2.5299999999999997e-16
9.565000000000001,0.0,0,2.7099999999999997e-16
9.61,0.0,0,1.99e-16
9.64,0.0,0,1.68e-16
9.684999999999999,0.0,0,1.29e-16
9.73,0.0,0,1.3e-16
9.76,0.0,0,2.67e-16
9.805,0.0,0,3.185e-16
9.85,0.0,0,1.41e-16
9.88,0.0,0,1.21e-16
9.925,0.0,0,1.07e-16
9.97,0.0,0,1.1000000000000001e-16
10.0,0.0,0,9.300000000000001e-17
10.045,0.0,0,9.67e-17
10.09,0.0,0,9.02e-17
10.12,0.0,0,7.76e-17
10.165,0.0,0,8.05e-17
10.21,0.0,0,7.580000000000001e-17
10.24,0.0,0,8.05e-17
10.285,0.0,0,8.46e-17
10.33,0.0,0,7.700000000000001e-17
10.36,0.0,0,6.25e-17
10.405000000000001,0.0,0,6.359999999999999e-17
10.45,0.0,0,6.57e-17
10.48,0.0,0,6.800000000000001e-17
10.535,0.0,0,6.4e-17
10.58,0.0,0,6.17e-17
10.61,0.0,0,5.61e-17
10.655000000000001,0.0,0,5.705000000000001e-17
10.7,0.0,0,5.2e-17
10.745000000000001,0.0,0,6e-17
10.79,0.0,0,5.75e-17
10.82,0.0,0,4.74e-17
10.865,0.0,0,4.4700000000000004e-17
10.91,0.0,0,4.2e-17
10.955,0.0,0,4.255e-17
11.0,0.0,0,3.87e-17
11.03,0.0,0,3.8299999999999995e-17
11.075,0.0,0,3.75e-17
11.12,0.0,0,3.3100000000000004e-17
11.165,0.0,0,3.0899999999999994e-17
11.21,0.0,0,3.07e-17
11.24,0.0,0,2.8499999999999995e-17
11.285,0.0,0,2.84e-17
11.33,0.0,0,3.2899999999999996e-17
11.375,0.0,0,2.675e-17
11.42,0.0,0,2.14e-17
11.45,0.0,0,2.18e-17
11.5,0.0,0,2.455e-17
11.55,0.0,0,2.2699999999999998e-17
11.594999999999999,0.0,0,2.1649999999999998e-17
11.64,0.0,0,1.9e-17
11.684999999999999,0.0,0,1.755e-17
11.73,0.0,0,1.81e-17
11.774999999999999,0.0,0,1.675e-17
11.82,0.0,0,1.4499999999999998e-17
11.85,0.0,0,1.53e-17
11.895,0.0,0,1.5e-17
11.94,0.0,0,1.4000000000000003e-17
11.985,0.0,0,1.35e-17
12.03,0.0,0,1.24e-17
12.075,0.0,0,1.13e-17
12.12,0.0,0,1.16e-17
12.165,0.0,0,1.045e-17
12.21,0.0,0,1.05e-17
12.254999999999999,0.0,0,9.73e-18
12.3,0.0,0,1.07e-17
12.344999999999999,0.0,0,9.900000000000001e-18
12.39,0.0,0,9.2e-18
12.434999999999999,0.0,0,8.475e-18
12.48,0.0,0,8.61e-18
12.535,0.0,0,8.72e-18
12.58,0.0,0,7.75e-18
12.625,0.0,0,8.225e-18
12.67,0.0,0,8.45e-18
12.715,0.0,0,6.435e-18
12.76,0.0,0,7.13e-18
12.805,0.0,0,6.8600000000000005e-18
12.85,0.0,0,6.7000000000000006e-18
12.895,0.0,0,6.145000000000001e-18
12.94,0.0,0,5.65e-18
12.985,0.0,0,6.455e-18
13.03,0.0,0,5.23e-18
13.075,0.0,0,5.575e-18
13.12,0.0,0,5.17e-18
13.165,0.0,0,5.295e-18
13.21,0.0,0,5.72e-18
13.254999999999999,0.0,0,5.915e-18
13.315000000000001,0.0,0,6.37e-18
13.36,0.0,0,5.52e-18
13.405000000000001,0.0,0,4.91e-18
13.45,0.0,0,4.6e-18
13.5,0.0,0,4.27e-18
13.55,0.0,0,4.15e-18
13.594999999999999,0.0,0,4.265e-18
13.64,0.0,0,4.33e-18
13.684999999999999,0.0,0,5.415e-18
13.745000000000001,0.0,0,1.255e-17
13.79,0.0,0,9.75e-18
13.835,0.0,0,2.67e-17
13.88,0.0,0,9.540000000000001e-17
13.925,0.0,0,5.545e-17
13.985,0.0,0,1.765e-17
14.03,0.0,0,1.87e-17
14.075,0.0,0,1.31e-17
14.12,0.0,0,7.5e-18
14.165,0.0,0,5.575e-18
14.225000000000001,5.38e-20,1,5.639999999999999e-18
14.27,0.0,0,6.4699999999999995e-18
14.315000000000001,0.0,0,8.09e-18
14.36,0.0,0,9.120000000000001e-18
14.405000000000001,0.0,0,8.839999999999999e-18
14.465,0.0,0,6.285e-18
14.52,0.0,0,6.3299999999999994e-18
14.565000000000001,0.0,0,4.565e-18
14.625,0.0,0,5.22e-18
14.67,0.0,0,4.92e-18
14.715,0.0,0,4.495e-18
14.76,0.0,0,4.660000000000001e-18
14.805,0.0,0,4.7e-18
14.865,0.0,0,4.5149999999999995e-18
14.91,0.0,0,3.92e-18
14.955,0.0,0,3.7649999999999996e-18
15.015,0.0,0,3.49e-18
15.06,0.0,0,3.3e-18
15.105,0.0,0,3.23e-18
15.165,0.0,0,3.32e-18
15.21,0.0,0,3.14e-18
15.254999999999999,0.0,0,3.34e-18
15.315000000000001,0.0,0,3.52e-18
15.36,0.0,0,3.1899999999999996e-18
15.405000000000001,0.0,0,3.38e-18
15.465,0.0,0,6.3299999999999994e-18
15.535,0.0,0,1.9855e-16
15.58,0.0,0,8.51e-16
15.625,0.0,0,4.435e-16
15.684999999999999,0.0,0,1.0205000000000001e-17
15.73,0.0,0,3.49e-18
15.774999999999999,0.0,0,2.93e-18
15.835,0.0,0,2.3049999999999997e-18
15.88,0.0,0,2.26e-18
15.925,0.0,0,2.3450000000000002e-18
15.985,0.0,0,2.645e-18
16.045,0.0,0,2.17e-18
16.09,0.0,0,2.3e-18
16.134999999999998,0.0,0,2.605e-18
16.195,0.0,0,2.64e-18
16.255,0.0,0,3.885e-18
16.3,0.0,0,1.26e-17
16.345,0.0,0,3.725e-16
16.405,0.0,0,5.03e-16
16.465,0.0,0,1.5e-17
16.52,0.0,0,2.9e-18
16.564999999999998,0.0,0,1.7700000000000002e-18
16.625,0.0,0,1.84e-18
16.685000000000002,0.0,0,1.89e-18
16.73,0.0,0,1.97e-18
16.775,0.0,0,1.78e-18
16.835,0.0,0,2.1850000000000003e-18
16.895,0.0,0,2.03e-18
16.955,0.0,0,3.7e-18
17.0,0.0,0,1.24e-17
17.045,0.0,0,2.78e-16
17.105,0.0,0,4.415e-16
17.165,0.0,0,2.0579999999999997e-17
17.225,0.0,0,2.585e-18
17.27,0.0,0,1.6199999999999999e-18
17.314999999999998,0.0,0,1.565e-18
17.375,0.0,0,1.465e-18
17.435000000000002,0.0,0,2.265e-18
17.5,0.0,0,1.48e-17
17.55,0.0,0,2.89e-16
17.595,0.0,0,6.084999999999999e-16
17.655,0.0,0,8.285e-17
17.715,0.0,0,3.59e-18
17.775,0.0,0,1.012e-17
17.835,0.0,0,4.34e-18
17.895,0.0,0,1.4950000000000001e-18
17.94,0.0,0,1.17e-18
17.985,0.0,0,1.2750000000000001e-18
18.045,0.0,0,1.195e-18
18.105,0.0,0,1.3e-18
18.165,0.0,0,1.2000000000000002e-18
18.225,0.0,0,1.4850000000000002e-18
18.285,0.0,0,1.6e-18
18.33,0.0,0,4.73e-18
18.375,0.0,0,4.535e-18
18.435000000000002,0.0,0,1.39e-18
18.5,0.0,0,1.01e-18
18.564999999999998,0.0,0,1.0550000000000002e-18
18.625,0.0,0,9.069999999999999e-19
18.685000000000002,0.0,0,9.345e-19
18.745,0.0,0,1.095e-18
18.805,0.0,0,1.13e-18
18.865000000000002,0.0,0,1.07e-18
18.91,0.0,0,8.72e-19
18.955,0.0,0,8.515000000000001e-19
19.015,0.0,0,8.389999999999999e-19
19.075,0.0,0,8.7e-19
19.134999999999998,0.0,0,8.660000000000001e-19
19.195,0.0,0,7.910000000000001e-19
19.255,0.0,0,8.215e-19
19.314999999999998,0.0,0,8.790000000000001e-19
19.375,0.0,0,9.465e-19
19.435000000000002,0.0,0,1.1799999999999999e-18
19.5,0.0,0,1.31e-18
19.564999999999998,0.0,0,1.045e-18
19.625,0.0,0,1.073e-18
19.685000000000002,0.0,0,8.790000000000001e-19
19.745,0.0,0,1.0455e-18
19.805,0.0,0,1.775e-18
19.865000000000002,0.0,0,1.195e-18
19.925,0.0,0,1.59e-18
19.985,0.0,0,1.43e-18
20.045,0.0,0,1.7e-18
20.105,0.0,0,1.0125e-17
20.165,0.0,0,3.625e-18
20.225,0.0,0,1.23e-18
20.285,0.0,0,1.6149999999999999e-18
20.345,0.0,0,1.0115e-18
20.405,0.0,0,1.0600000000000001e-18
20.465,0.0,0,1.135e-18
20.535,0.0,0,8.51e-19
20.595,0.0,0,1.51e-18
20.655,0.0,0,1.0480000000000001e-18
20.715,0.0,0,1.4900000000000002e-18
20.775,0.0,0,6.155e-18
20.835,0.0,0,1.623e-18
20.895,0.0,0,9.91e-19
20.955,0.0,0,1.3249999999999999e-18
21.015,0.0,0,6.83e-19
21.075,0.0,0,7.16e-19
21.134999999999998,0.0,0,5.88e-19
21.195,0.0,0,4.720000000000001e-19
21.255,0.0,0,4.43e-19
21.314999999999998,5.89e-21,1,4.65e-19
21.39,0.0,0,9.046666666666666e-19
21.465,0.0,0,6.375e-19
21.535,0.0,0,5.355000000000001e-19
21.595,0.0,0,5.5e-19
21.655,0.0,0,6.255e-19
21.715,0.0,0,6.3e-19
21.775,0.0,0,6.000000000000001e-19
21.835,0.0,0,3.52e-18
21.895,0.0,0,1.044e-17
21.955,0.0,0,1.6055e-18
22.03,0.0,0,6.496666666666667e-19
22.105,0.0,0,5.515e-18
22.165,0.0,0,4.37e-18
22.225,0.0,0,5.530000000000001e-19
22.285,0.0,0,4.2149999999999993e-19
22.345,0.0,0,5.11e-19
22.405,0.0,0,4.24e-19
22.483333333333334,0.0,0,3.2666666666666666e-19
22.564999999999998,0.0,0,3.71e-19
22.625,0.0,0,3.4049999999999994e-19
22.685000000000002,0.0,0,3.425e-19
22.745,0.0,0,3.3e-19
22.805,0.0,0,3.365e-19
22.88,0.0,0,3.683333333333333e-19
22.955,0.0,0,3.545e-19
23.015,0.0,0,3.525e-19
23.075,0.0,0,4.135e-19
23.134999999999998,0.0,0,3.55e-19
23.209999999999997,0.0,0,3.3033333333333334e-19
23.285,0.0,0,3.1700000000000003e-19
23.345,0.0,0,3.015e-19
23.405,0.0,0,3.0250000000000003e-19
23.465,0.0,0,3.5749999999999998e-19
23.55,0.0,0,3.236666666666667e-19
23.625,0.0,0,2.895e-19
23.685000000000002,0.0,0,2.9950000000000002e-19
23.745,0.0,0,3.0649999999999997e-19
23.820000000000004,0.0,0,3.1466666666666665e-19
23.895,0.0,0,2.79e-19
23.955,0.0,0,3.3750000000000003e-19
24.015,0.0,0,2.815e-19
24.09,0.0,0,2.486666666666667e-19
24.165,0.0,0,2.3099999999999996e-19
24.225,0.0,0,2.6e-19
24.285,0.0,0,2.755e-19
24.36,0.0,0,2.4433333333333337e-19
24.435000000000002,0.0,0,2.55e-19
24.5,0.0,0,2.345e-19
24.58,0.0,0,3.1133333333333333e-19
24.655,0.0,0,2.815e-19
24.715,0.0,0,2.385e-19
24.775,0.0,0,2.4450000000000003e-19
24.849999999999998,0.0,0,2.3900000000000004e-19
24.925,0.0,0,2.105e-19
24.985,0.0,0,2.355e-19
25.060000000000002,0.0,0,2.5166666666666668e-19
25.134999999999998,0.0,0,2.765e-19
25.195,0.0,0,2.725e-19
25.27,0.0,0,2.1700000000000003e-19
25.345,0.0,0,2.4549999999999996e-19
25.405,0.0,0,2.1249999999999998e-19
25.483333333333334,0.0,0,2.1833333333333333e-19
25.564999999999998,0.0,0,2.355e-19
25.625,0.0,0,2.2750000000000004e-19
25.700000000000003,0.0,0,2.0266666666666666e-19
25.775,0.0,0,2e-19
25.849999999999998,0.0,0,1.7533333333333334e-19
25.925,0.0,0,2.0650000000000002e-19
25.985,0.0,0,2.215e-19
26.060000000000002,0.0,0,2.7466666666666667e-19
26.134999999999998,0.0,0,1.99e-19
26.195,0.0,0,1.87e-19
26.27,0.0,0,1.713333333333333e-19
26.345,0.0,0,1.67e-19
26.42,0.0,0,1.6666666666666667e-19
26.5,0.0,0,1.935e-19
26.58,0.0,0,1.95e-19
26.655,0.0,0,1.935e-19
26.715,0.0,0,1.83e-19
26.790000000000003,0.0,0,1.6633333333333333e-19
26.865000000000002,0.0,0,1.74e-19
26.939999999999998,0.0,0,1.66e-19
27.015,0.0,0,1.8050000000000002e-19
27.09,0.0,0,1.79e-19
27.165,0.0,0,1.68e-19
27.24,0.0,0,1.6633333333333333e-19
27.314999999999998,0.0,0,1.6349999999999999e-19
27.39,0.0,0,1.9099999999999999e-19
27.465,0.0,0,2.305e-19
27.55,0.0,0,2.0066666666666664e-19
27.625,0.0,0,1.87e-19
27.685000000000002,0.0,0,2.0399999999999998e-19
27.76,0.0,0,1.8366666666666666e-19
27.835,0.0,0,1.6450000000000002e-19
27.91,0.0,0,1.5433333333333332e-19
28.0,0.0,0,1.5933333333333332e-19
28.075,0.0,0,1.4550000000000002e-19
28.149999999999995,0.0,0,2.2966666666666667e-19
28.225,0.0,0,3.8149999999999995e-19
28.3,0.0,0,3.46e-19
28.375,3.37e-21,1,2.115e-19
28.450000000000003,0.0,0,1.5533333333333335e-19
28.535,0.0,0,1.4599999999999998e-19
28.61,0.0,0,1.5666666666666668e-19
28.685000000000002,0.0,0,1.47e-19
28.76,0.0,0,1.5033333333333336e-19
28.849999999999998,0.0,0,1.7266666666666665e-19
28.925,0.0,0,1.565e-19
29.0,0.0,0,1.3233333333333334e-19
29.075,0.0,0,1.4099999999999999e-19
29.149999999999995,0.0,0,1.4933333333333335e-19
29.225,0.0,0,1.41e-19
29.3,0.0,0,1.3533333333333332e-19
29.39,0.0,0,1.456666666666667e-19
29.465,0.0,0,1.3149999999999998e-19
29.55,0.0,0,1.7766666666666665e-19
29.64,0.0,0,1.6e-19
29.715,0.0,0,1.48e-19
29.790000000000003,0.0,0,1.83e-19
29.865000000000002,0.0,0,2.4849999999999997e-19
29.939999999999998,0.0,0,1.7966666666666667e-19
30.03,0.0,0,1.3933333333333333e-19
30.105,0.0,0,1.655e-19
30.179999999999996,0.0,0,1.5433333333333332e-19
30.27,0.0,0,1.2466666666666667e-19
30.345,0.0,0,1.34e-19
30.42,0.0,0,1.3166666666666666e-19
30.516666666666666,0.0,0,1.2566666666666666e-19
30.595,0.0,0,1.07e-19
30.67,0.0,0,1.0286666666666668e-19
30.76,0.0,0,1.0266666666666668e-19
30.849999999999998,0.0,0,1.166666666666667e-19
30.925,0.0,0,1.1849999999999999e-19
31.0,0.0,0,1.1666666666666667e-19
31.09,0.0,0,1.0800000000000002e-19
31.165,0.0,0,9.15e-20
31.24,0.0,0,1.0283333333333333e-19
31.33,0.0,0,1.1166666666666667e-19
31.42,0.0,0,1.4466666666666669e-19
31.5,0.0,0,1.0330000000000001e-19
31.58,0.0,0,9.573333333333334e-20
31.67,0.0,0,1.042e-19
31.76,0.0,0,8.73e-20
31.835,0.0,0,9.44e-20
31.91,0.0,0,1.0646666666666667e-19
32.0,0.0,0,1.94e-19
32.09,0.0,0,1.1046666666666668e-19
32.18,0.0,0,1.12e-19
32.255,0.0,0,1.485e-19
32.33,0.0,0,1.9266666666666664e-19
32.42,0.0,0,1.2133333333333336e-19
32.516666666666666,0.0,0,1.2033333333333332e-19
32.61,0.0,0,1.02e-19
32.685,0.0,0,1.025e-19
32.76,0.0,0,1.0533333333333333e-19
32.85,0.0,0,9.803333333333334e-20
32.94,0.0,0,9.1e-20
33.03,0.0,0,8.676666666666668e-20
33.120000000000005,0.0,0,8.83e-20
33.21,0.0,0,8.630000000000001e-20
33.285,0.0,0,8.714999999999999e-20
33.36,0.0,0,9.16e-20
33.449999999999996,0.0,0,9.656666666666667e-20
33.55,0.0,0,9.773333333333332e-20
33.64,0.0,0,8.993333333333334e-20
33.73,0.0,0,9.320000000000001e-20
33.82,0.0,0,8.369999999999999e-20
33.91,0.0,0,9.093333333333333e-20
34.0,0.0,0,1.0073333333333334e-19
34.075,0.0,0,8.265e-20
34.15,0.0,0,9.326666666666667e-20
34.24,0.0,0,8.946666666666667e-20
34.33,0.0,0,8.519999999999999e-20
34.42,0.0,0,9.73e-20
34.516666666666666,0.0,0,9.336666666666667e-20
34.61,0.0,0,8.086666666666668e-20
34.699999999999996,0.0,0,8.446666666666666e-20
34.79,0.0,0,7.833333333333334e-20
34.88,0.0,0,8.36e-20
34.97,0.0,0,8.360000000000002e-20
35.06,0.0,0,7.906666666666668e-20
35.15,0.0,0,7.39e-20
35.24,0.0,0,7.99e-20
35.33,0.0,0,7.090000000000001e-20
35.42,0.0,0,8.196666666666666e-20
35.516666666666666,1.2300000000000002e-21,1,7.926666666666667e-20
35.61,0.0,0,8.873333333333332e-20
35.699999999999996,0.0,0,1.9633333333333334e-19
35.79,0.0,0,1.253e-19
35.88,0.0,0,8.223333333333333e-20
35.97,0.0,0,8.703333333333331e-20
36.06,0.0,0,8.843333333333334e-20
36.15,0.0,0,6.873333333333333e-20
36.24,0.0,0,7.710000000000001e-20
36.33,0.0,0,7.186666666666668e-20
36.42,0.0,0,7.66e-20
36.516666666666666,0.0,0,7.943333333333334e-20
36.625,0.0,0,8.8625e-20
36.73,0.0,0,8.296666666666666e-20
36.82,0.0,0,6.976666666666666e-20
36.91,0.0,0,7.286666666666667e-20
37.0,0.0,0,7.803333333333333e-20
37.09,0.0,0,6.95e-20
37.18,0.0,0,7.373333333333334e-20
37.27,0.0,0,7.363333333333334e-20
37.36,0.0,0,8.206666666666667e-20
37.4675,0.0,0,8.070000000000001e-20
37.58,0.0,0,8.69e-20
37.67,0.0,0,8.476666666666667e-20
37.76,0.0,0,7.946666666666668e-20
37.85,0.0,0,8.22e-20
37.94,0.0,0,7.036666666666666e-20
38.045,0.0,0,6.75e-20
38.15,0.0,0,6.443333333333333e-20
38.24,0.0,0,6.796666666666667e-20
38.33,0.0,0,7.286666666666666e-20
38.42,0.0,0,6.776666666666667e-20
38.5325,0.0,0,6.292500000000001e-20
38.64,0.0,0,5.680000000000001e-20
38.73,0.0,0,5.783333333333333e-20
38.82,0.0,0,6.69e-20
38.925,0.0,0,6.61e-20
39.03,0.0,0,6.28e-20
39.120000000000005,0.0,0,6.75e-20
39.21,0.0,0,7.476666666666668e-20
39.315,0.0,0,6.6575e-20
39.42,0.0,0,6.773333333333333e-20
39.516666666666666,0.0,0,6.370000000000001e-20
39.61,0.0,0,6.086666666666666e-20
39.714999999999996,0.0,0,7.512500000000001e-20
39.82,0.0,0,6.506666666666667e-20
39.91,0.0,0,7.026666666666667e-20
40.015,0.0,0,7.98e-20
40.120000000000005,0.0,0,6.413333333333332e-20
40.21,0.0,0,6.523333333333334e-20
40.315,0.0,0,6.649999999999999e-20
40.42,0.0,0,1.0996666666666667e-19
40.516666666666666,0.0,0,7.856666666666667e-20
40.625,0.0,0,6.46e-20
40.73,0.0,0,6.42e-20
40.82,0.0,0,5.85e-20
40.925,0.0,0,9.042499999999999e-20
41.03,0.0,0,6.51e-20
41.120000000000005,0.0,0,5.660000000000001e-20
41.225,0.0,0,5.52e-20
41.33,0.0,0,6.196666666666667e-20
41.435,0.0,0,6.649999999999999e-20
41.55,0.0,0,5.346666666666666e-20
41.64,0.0,0,5.403333333333333e-20
41.745,0.0,0,5.5075e-20
41.85,0.0,0,6.343333333333334e-20
41.955,0.0,0,5.957499999999999e-20
42.06,0.0,0,5.860000000000001e-20
42.165,0.0,0,5.155e-20
42.27,0.0,0,6.1e-20
42.375,0.0,0,6.065e-20
42.48333333333334,0.0,0,6.666666666666666e-20
42.58,1.1e-21,1,6.36e-20
42.684999999999995,0.0,0,6.095e-20
42.79,0.0,0,8.730000000000001e-20
42.894999999999996,0.0,0,9.5025e-20
43.0,0.0,0,6.363333333333333e-20
43.105000000000004,0.0,0,5.8875e-20
43.225,0.0,0,5.532500000000001e-20
43.330000000000005,0.0,0,5.423333333333333e-20
43.434999999999995,0.0,0,5.64e-20
43.54999999999999,0.0,0,6.363333333333334e-20
43.655,0.0,0,5.8025e-20
43.76,0.0,0,5.429999999999999e-20
43.865,0.0,0,5.5e-20
43.97,0.0,0,6e-20
44.075,0.0,0,6.375e-20
44.195,0.0,0,5.970000000000001e-20
44.29999999999999,0.0,0,5.846666666666667e-20
44.405,0.0,0,7.145e-20
44.51666666666667,0.0,0,7.023333333333333e-20
44.625,0.0,0,4.84e-20
44.745,0.0,0,4.5425e-20
44.85,0.0,0,4.923333333333334e-20
44.955,0.0,0,5.35e-20
45.06,0.0,0,4.9833333333333337e-20
45.165,0.0,0,5.0925e-20
45.285,0.0,0,5.16e-20
45.39000000000001,0.0,0,5.473333333333334e-20
45.5,0.0,0,5.2475e-20
45.625,0.0,0,4.725e-20
45.73,0.0,0,5.216666666666667e-20
45.835,0.0,0,5.0925e-20
45.955,0.0,0,4.425e-20
46.075,0.0,0,4.9675e-20
46.18,0.0,0,5.3833333333333337e-20
46.285,0.0,0,5.4975e-20
46.405,0.0,0,5.76e-20
46.51666666666667,0.0,0,4.896666666666667e-20
46.625,0.0,0,5.1299999999999994e-20
46.745,0.0,0,4.9474999999999993e-20
46.865,0.0,0,4.16e-20
46.985,0.0,0,4.2825e-20
47.09,0.0,0,4.6033333333333337e-20
47.195,0.0,0,4.3349999999999995e-20
47.315,0.0,0,5.0749999999999994e-20
47.434999999999995,0.0,0,5.305e-20
47.54999999999999,0.0,0,4.7366666666666664e-20
47.655,0.0,0,4.2550000000000004e-20
47.775,0.0,0,4.5850000000000005e-20
47.894999999999996,0.0,0,4.7075e-20
48.015,0.0,0,4.7775e-20
48.135000000000005,0.0,0,4.2874999999999997e-20
48.24,0.0,0,4.716666666666666e-20
48.345,0.0,0,5.232499999999999e-20
48.4675,0.0,0,4.995e-20
48.595,0.0,0,4.6674999999999997e-20
48.714999999999996,0.0,0,4.6474999999999996e-20
48.835,0.0,0,4.2925000000000005e-20
48.955,0.0,0,4.8675e-20
49.075,0.0,0,4.6525000000000004e-20
49.195,0.0,0,4.26e-20
49.29999999999999,0.0,0,4.406666666666667e-20
49.405,0.0,0,4.48e-20
49.5325,0.0,0,4.4625e-20
49.655,7.29e-22,1,4.5875000000000006e-20
49.775,0.0,0,4.3625e-20
49.894999999999996,0.0,0,4.1425e-20
50.015,0.0,0,4.2325e-20
50.135000000000005,0.0,0,4.33e-20
50.254999999999995,0.0,0,4.5049999999999997e-20
50.375,0.0,0,4.095e-20
50.5,0.0,0,4.2000000000000004e-20
50.625,0.0,0,4.0799999999999994e-20
50.745,0.0,0,4.1825000000000004e-20
50.865,0.0,0,4.1975000000000003e-20
50.985,0.0,0,4.59e-20
51.105000000000004,0.0,0,4.5475e-20
51.225,0.0,0,4.65e-20
51.345,0.0,0,4.5375e-20
51.4675,0.0,0,3.8725000000000004e-20
51.61,0.0,0,4.336e-20
51.745,0.0,0,4.1174999999999995e-20
51.865,0.0,0,4.015e-20
51.985,0.0,0,3.63e-20
52.105000000000004,0.0,0,3.9800000000000003e-20
52.225,0.0,0,4.2525e-20
52.345,0.0,0,4.0525000000000003e-20
52.4675,0.0,0,4.1275000000000004e-20
52.595,0.0,0,4.7075000000000004e-20
52.73,0.0,0,3.8779999999999996e-20
52.865,0.0,0,4.125e-20
52.985,0.0,0,3.9850000000000005e-20
53.105000000000004,0.0,0,3.75e-20
53.225,0.0,0,3.585e-20
53.345,0.0,0,4.195e-20
53.484,0.0,0,3.948e-20
53.625,0.0,0,4.0375000000000004e-20
53.745,0.0,0,3.8124999999999996e-20
53.865,0.0,0,4.3874999999999994e-20
53.985,0.0,0,4.62e-20
54.120000000000005,0.0,0,4.2280000000000004e-20
54.254999999999995,0.0,0,3.7275000000000004e-20
54.375,0.0,0,3.92e-20
54.5,0.0,0,3.5475e-20
54.64,0.0,0,3.4159999999999995e-20
54.775,0.0,0,3.6275e-20
54.894999999999996,0.0,0,3.7100000000000004e-20
55.029999999999994,0.0,0,3.8960000000000004e-20
55.165,0.0,0,3.435e-20
55.285,0.0,0,3.3424999999999996e-20
55.42,0.0,0,3.6760000000000003e-20
55.565,0.0,0,3.3974999999999996e-20
55.684999999999995,0.0,0,3.52e-20
55.82000000000001,0.0,0,3.3480000000000006e-20
55.955,0.0,0,3.485e-20
56.075,0.0,0,3.7374999999999995e-20
56.21,0.0,0,3.55e-20
56.345,0.0,0,3.5525e-20
56.484,0.0,0,3.3640000000000005e-20
56.625,0.0,0,4.2825e-20
56.745,7.42e-22,1,3.705e-20
56.879999999999995,0.0,0,3.6140000000000003e-20
57.015,0.0,0,3.7375e-20
57.15,0.0,0,3.52e-20
57.285,0.0,0,3.4925000000000004e-20
57.42,0.0,0,3.128e-20
57.565,0.0,0,3.805e-20
57.684999999999995,0.0,0,3.67e-20
57.82000000000001,0.0,0,3.7580000000000004e-20
57.955,0.0,0,3.9025e-20
58.089999999999996,0.0,0,4.332e-20
58.225,0.0,0,4.7924999999999996e-20
58.36,0.0,0,4.374000000000001e-20
58.516,0.0,0,4.7700000000000007e-20
58.655,0.0,0,4.8075e-20
58.79,0.0,0,4.31e-20
58.925,0.0,0,5.487499999999999e-20
59.06,0.0,0,5.493999999999999e-20
59.195,0.0,0,5.5325e-20
59.33,0.0,0,5.41e-20
59.4675,0.0,0,8.929999999999999e-20
59.61,0.0,0,1.0686e-19
59.760000000000005,0.0,0,1.516e-19
59.894999999999996,0.0,0,8.895e-19
60.029999999999994,0.0,0,3.1360000000000005e-18
60.17999999999999,0.0,0,1.9879999999999998e-19
60.315,0.0,0,1.4625000000000002e-19
60.452,0.0,0,9.822000000000001e-20
60.61,0.0,0,6.21e-20
60.745,0.0,0,5.7575e-20
60.879999999999995,0.0,0,5.754e-20
61.029999999999994,0.0,0,5.73e-20
61.165,0.0,0,3.85e-20
61.3,0.0,0,4.308e-20
61.452,0.0,0,4.3220000000000006e-20
61.595,0.0,0,3.9524999999999994e-20
61.73,0.0,0,4.2420000000000004e-20
61.879999999999995,0.0,0,4.394e-20
62.029999999999994,0.0,0,3.322e-20
62.165,0.0,0,2.935e-20
62.3,0.0,0,2.988e-20
62.452,0.0,0,3.036000000000001e-20
62.61,0.0,0,2.812e-20
62.760000000000005,0.0,0,2.994000000000001e-20
62.894999999999996,0.0,0,3.0025e-20
63.029999999999994,0.0,0,2.9419999999999993e-20
63.17999999999999,0.0,0,2.986e-20
63.33,0.0,0,2.968e-20
63.484,0.0,0,3.122e-20
63.64,0.0,0,2.8340000000000003e-20
63.79,0.0,0,3.0300000000000007e-20
63.925,2.52e-22,1,3.95e-20
64.06,0.0,0,4.3399999999999996e-20
64.21000000000001,0.0,0,3.8359999999999996e-20
64.36,0.0,0,3.746e-20
64.51599999999999,0.0,0,2.9519999999999997e-20
64.67,0.0,0,3.0839999999999996e-20
64.82000000000001,0.0,0,3.072e-20
64.97,0.0,0,2.962e-20
65.12,0.0,0,2.7059999999999997e-20
65.27,0.0,0,2.888e-20
65.42,0.0,0,2.944e-20
65.58,0.0,0,3.002e-20
65.73,0.0,0,2.884e-20
65.88,0.0,0,2.9580000000000003e-20
66.03,0.0,0,2.7960000000000006e-20
66.18,0.0,0,2.796e-20
66.33,0.0,0,2.762e-20
66.48400000000001,0.0,0,2.582e-20
66.64,0.0,0,2.694e-20
66.79,0.0,0,2.45e-20
66.94,0.0,0,2.804e-20
67.09,0.0,0,2.506e-20
67.24,0.0,0,2.532e-20
67.405,0.0,0,3.0216666666666667e-20
67.58,0.0,0,2.932e-20
67.73,0.0,0,2.9140000000000006e-20
67.88,0.0,0,2.626e-20
68.03,0.0,0,2.6500000000000004e-20
68.18,0.0,0,2.8020000000000007e-20
68.345,0.0,0,2.735e-20
68.51599999999999,0.0,0,2.5419999999999996e-20
68.67,0.0,0,3.024e-20
68.82000000000001,0.0,0,3.082e-20
68.97,0.0,0,2.552e-20
69.135,0.0,0,2.903333333333333e-20
69.3,0.0,0,2.874e-20
69.452,0.0,0,2.6219999999999998e-20
69.61,0.0,0,2.49e-20
69.77499999999999,0.0,0,2.9266666666666665e-20
69.94,0.0,0,3.066e-20
70.09,0.0,0,2.6660000000000005e-20
70.24,0.0,0,2.8380000000000006e-20
70.405,0.0,0,2.465e-20
70.58,0.0,0,2.772e-20
70.73,0.0,0,2.654e-20
70.895,0.0,0,2.6566666666666666e-20
71.06,2.1900000000000004e-22,1,2.7360000000000004e-20
71.22500000000001,0.0,0,2.4099999999999997e-20
71.39,0.0,0,2.424e-20
71.548,0.0,0,2.524e-20
71.715,0.0,0,2.636666666666667e-20
71.88,0.0,0,2.582e-20
72.045,0.0,0,2.6333333333333333e-20
72.21000000000001,0.0,0,2.56e-20
72.36,0.0,0,2.684e-20
72.53166666666667,0.0,0,2.521666666666667e-20
72.7,0.0,0,2.362e-20
72.865,0.0,0,2.3783333333333335e-20
73.03,0.0,0,2.5999999999999996e-20
73.19500000000001,0.0,0,2.613333333333333e-20
73.36,0.0,0,2.908e-20
73.53166666666667,0.0,0,2.6249999999999996e-20
73.7,0.0,0,2.3819999999999997e-20
73.865,0.0,0,2.455e-20
74.03,0.0,0,2.5079999999999998e-20
74.19500000000001,0.0,0,2.306666666666666e-20
74.375,0.0,0,2.3033333333333335e-20
74.548,0.0,0,2.4140000000000002e-20
74.715,0.0,0,2.6216666666666666e-20
74.88,0.0,0,2.8219999999999996e-20
75.045,0.0,0,5.581666666666666e-20
75.22500000000001,0.0,0,2.4816666666666665e-20
75.39,0.0,0,2.672e-20
75.56333333333333,0.0,0,2.5733333333333334e-20
75.745,0.0,0,2.3616666666666667e-20
75.91,0.0,0,2.2540000000000003e-20
76.075,0.0,0,2.456666666666667e-20
76.255,0.0,0,2.511666666666667e-20
76.42,0.0,0,2.2960000000000003e-20
76.595,0.0,0,2.3333333333333333e-20
76.77499999999999,0.0,0,2.473333333333333e-20
76.955,0.0,0,2.5633333333333334e-20
77.12,0.0,0,2.334e-20
77.285,0.0,0,2.4666666666666666e-20
77.46833333333333,0.0,0,2.32e-20
77.655,0.0,0,2.398333333333333e-20
77.82000000000001,0.0,0,2.3119999999999998e-20
77.985,0.0,0,2.3049999999999998e-20
78.165,2.34e-22,1,2.62e-20
78.345,0.0,0,2.535e-20
78.53166666666667,0.0,0,2.735e-20
78.715,0.0,0,2.473333333333333e-20
78.88,0.0,0,2.4760000000000002e-20
79.045,0.0,0,2.4233333333333335e-20
79.22500000000001,0.0,0,2.373333333333333e-20
79.405,0.0,0,2.4350000000000002e-20
79.595,0.0,0,2.54e-20
79.77499999999999,0.0,0,2.4166666666666667e-20
79.955,0.0,0,2.2516666666666667e-20
80.135,0.0,0,2.14e-20
80.315,0.0,0,2.3450000000000005e-20
80.5,0.0,0,2.1450000000000002e-20
80.685,0.0,0,2.1849999999999994e-20
80.865,0.0,0,2.4366666666666668e-20
81.045,0.0,0,2.3066666666666667e-20
81.22500000000001,0.0,0,2.3016666666666668e-20
81.405,0.0,0,2.2266666666666668e-20
81.595,0.0,0,2.3249999999999998e-20
81.77499999999999,0.0,0,2.381666666666667e-20
81.955,0.0,0,2.3266666666666668e-20
82.135,0.0,0,2.4650000000000003e-20
82.315,0.0,0,2.5166666666666668e-20
82.5,0.0,0,2.5033333333333335e-20
82.7,0.0,0,2.5042857142857142e-20
82.895,0.0,0,2.6516666666666664e-20
83.075,0.0,0,2.4533333333333336e-20
83.255,0.0,0,2.3516666666666664e-20
83.43666666666667,0.0,0,2.2866666666666666e-20
83.625,0.0,0,2.4150000000000004e-20
83.82000000000001,0.0,0,2.4557142857142858e-20
84.015,0.0,0,2.3016666666666665e-20
84.19500000000001,0.0,0,2.36e-20
84.375,0.0,0,2.3366666666666668e-20
84.56333333333333,0.0,0,2.095e-20
84.76,0.0,0,2.1942857142857145e-20
84.955,0.0,0,2.2516666666666667e-20
85.135,5.92e-22,1,2.3249999999999998e-20
85.33,0.0,0,2.275714285714286e-20
85.53166666666665,0.0,0,2.3316666666666666e-20
85.71499999999999,0.0,0,2.553333333333333e-20
85.90999999999998,0.0,0,2.292857142857143e-20
86.10500000000002,0.0,0,2.3350000000000002e-20
86.28499999999998,0.0,0,2.2116666666666666e-20
86.48428571428572,0.0,0,2.0414285714285717e-20
86.685,0.0,0,1.9783333333333332e-20
86.86500000000001,0.0,0,2.1699999999999998e-20
87.05999999999999,0.0,0,2.2099999999999996e-20
87.255,0.0,0,2.2983333333333333e-20
87.45285714285714,0.0,0,2.205714285714286e-20
87.65499999999999,0.0,0,2.26e-20
87.85000000000001,0.0,0,2.1628571428571427e-20
88.045,0.0,0,2.0883333333333332e-20
88.24000000000001,0.0,0,2.2114285714285717e-20
88.43666666666667,0.0,0,2.136666666666667e-20
88.64,0.0,0,2.0942857142857145e-20
88.835,0.0,0,2.1466666666666668e-20
89.02999999999999,0.0,0,2.184285714285714e-20
89.22500000000001,0.0,0,2.435e-20
89.42142857142856,0.0,0,2.3071428571428574e-20
89.625,0.0,0,2.4133333333333332e-20
89.82000000000001,0.0,0,2.5199999999999997e-20
90.02999999999999,0.0,0,2.6285714285714286e-20
90.22500000000001,0.0,0,2.285e-20
90.42142857142856,0.0,0,2.157142857142857e-20
90.625,0.0,0,2.1683333333333335e-20
90.82000000000001,0.0,0,2.1428571428571432e-20
91.02999999999999,0.0,0,2.0514285714285715e-20
91.22500000000001,0.0,0,2.0766666666666666e-20
91.42142857142856,0.0,0,2.2071428571428568e-20
91.64,0.0,0,2.2257142857142857e-20
91.85000000000001,0.0,0,1.9185714285714285e-20
92.045,0.0,0,2.0933333333333337e-20
92.24000000000001,2.5799999999999997e-22,1,2.202857142857143e-20
92.45285714285714,0.0,0,2.1885714285714287e-20
92.66999999999999,0.0,0,2.2542857142857144e-20
92.86500000000001,0.0,0,2.03e-20
93.05999999999999,0.0,0,1.9614285714285715e-20
93.27,0.0,0,2.0985714285714288e-20
93.48428571428572,0.0,0,2.1128571428571428e-20
93.7,0.0,0,2.012857142857143e-20
93.90999999999998,0.0,0,1.8571428571428572e-20
94.10500000000002,0.0,0,1.963333333333333e-20
94.29999999999998,0.0,0,1.7285714285714285e-20
94.51571428571428,0.0,0,2.037142857142857e-20
94.72999999999999,0.0,0,2.0299999999999997e-20
94.93999999999998,0.0,0,2.0328571428571425e-20
95.14999999999999,0.0,0,2.1442857142857143e-20
95.36,0.0,0,1.9928571428571427e-20
95.57857142857142,0.0,0,1.9714285714285712e-20
95.78999999999999,0.0,0,2.0914285714285713e-20
96.00000000000001,0.0,0,2.292857142857143e-20
96.21000000000001,0.0,0,2.0157142857142857e-20
96.42142857142856,0.0,0,1.888571428571429e-20
96.64,0.0,0,2.0228571428571428e-20
96.85000000000001,0.0,0,1.9199999999999996e-20
97.05999999999999,0.0,0,1.9414285714285714e-20
97.27,0.0,0,2.2457142857142858e-20
97.48428571428572,0.0,0,1.851428571428571e-20
97.715,0.0,0,2.095e-20
97.93999999999998,0.0,0,1.9714285714285712e-20
98.14999999999999,0.0,0,2.2014285714285716e-20
98.36,0.0,0,2.1242857142857143e-20
98.57857142857142,0.0,0,2.271428571428572e-20
98.78999999999999,0.0,0,2.0871428571428573e-20
99.015,0.0,0,1.98875e-20
99.24000000000001,0.0,0,1.9028571428571427e-20
99.45285714285714,2.89e-22,1,2.024285714285715e-20
99.66999999999999,0.0,0,2.0557142857142858e-20
99.88000000000001,0.0,0,2.5657142857142856e-20
100.10499999999999,0.0,0,2.1875e-20
100.33,0.0,0,1.8514285714285715e-20
100.54714285714284,0.0,0,1.997142857142857e-20
100.775,0.0,0,2.1499999999999998e-20
101.00000000000001,0.0,0,2.1014285714285713e-20
101.21000000000001,0.0,0,2.177142857142857e-20
101.4375,0.0,0,1.99375e-20
101.66999999999999,0.0,0,1.9714285714285715e-20
101.88000000000001,0.0,0,2.042857142857143e-20
102.10499999999999,0.0,0,1.86875e-20
102.33,0.0,0,2.024285714285714e-20
102.5625,0.0,0,2.14875e-20
102.78999999999999,0.0,0,2.1057142857142853e-20
103.015,0.0,0,2.1175e-20
103.24000000000001,0.0,0,2.29e-20
103.46875,0.0,0,2.08125e-20
103.7,0.0,0,2.0385714285714286e-20
103.925,0.0,0,1.9625e-20
104.14999999999999,0.0,0,2.0085714285714285e-20
104.375,0.0,0,2.19375e-20
104.61,0.0,0,2.062857142857143e-20
104.83500000000001,0.0,0,2.0625e-20
105.05999999999999,0.0,0,2.1157142857142857e-20
105.285,0.0,0,2.06125e-20
105.53125,0.0,0,2.24875e-20
105.76,0.0,0,2.0542857142857143e-20
105.985,0.0,0,2.08375e-20
106.225,0.0,0,2.08875e-20
106.45285714285714,7.5e-23,1,1.935714285714286e-20
106.685,0.0,0,1.89e-20
106.925,0.0,0,1.93625e-20
107.16499999999999,0.0,0,2.2275e-20
107.39,0.0,0,2.0757142857142858e-20
107.625,0.0,0,2.0512499999999998e-20
107.86500000000001,0.0,0,1.9175e-20
108.10499999999999,0.0,0,1.9450000000000002e-20
108.33,0.0,0,1.8014285714285713e-20
108.5625,0.0,0,1.8175000000000002e-20
108.805,0.0,0,1.955e-20
109.045,0.0,0,1.9125e-20
109.285,0.0,0,1.90375e-20
109.53125,0.0,0,1.84625e-20
109.775,0.0,0,1.93125e-20
110.015,0.0,0,1.96625e-20
110.255,0.0,0,1.8387500000000003e-20
110.48428571428572,0.0,0,1.6957142857142856e-20
110.715,0.0,0,1.9712499999999998e-20
110.955,0.0,0,1.965e-20
111.195,0.0,0,1.95875e-20
111.4375,0.0,0,1.8412499999999997e-20
111.685,0.0,0,1.99875e-20
111.94,0.0,0,1.897777777777778e-20
112.195,0.0,0,1.9349999999999998e-20
112.4375,0.0,0,1.93625e-20
112.685,0.0,0,1.90125e-20
112.925,0.0,0,1.9100000000000002e-20
113.16499999999999,0.0,0,1.77875e-20
113.40625,0.0,0,2.0499999999999997e-20
113.655,4.71e-22,1,2.0087500000000002e-20
113.91000000000001,0.0,0,2.1877777777777776e-20
114.16499999999999,0.0,0,1.8949999999999997e-20
114.40625,0.0,0,1.88125e-20
114.655,0.0,0,2.00875e-20
114.89500000000001,0.0,0,2.0637500000000002e-20
115.14999999999999,0.0,0,2.0866666666666666e-20
115.40625,0.0,0,1.87625e-20
115.655,0.0,0,1.80875e-20
115.91000000000001,0.0,0,1.8333333333333332e-20
116.16499999999999,0.0,0,1.865e-20
116.40625,0.0,0,1.9175000000000002e-20
116.67,0.0,0,1.8955555555555554e-20
116.925,0.0,0,1.985e-20
117.16499999999999,0.0,0,1.8925e-20
117.42222222222222,0.0,0,1.8e-20
117.685,0.0,0,2.0037499999999997e-20
117.94,0.0,0,1.9533333333333333e-20
118.195,0.0,0,1.9162499999999998e-20
118.45333333333332,0.0,0,1.8900000000000002e-20
118.715,0.0,0,1.93e-20
118.97,0.0,0,2.0444444444444442e-20
119.225,0.0,0,1.8787499999999998e-20
119.48444444444443,0.0,0,1.8411111111111113e-20
119.745,0.0,0,2.5137499999999998e-20
120.0,0.0,0,1.5666666666666665e-19
120.255,0.0,0,2.505e-20
120.51555555555557,0.0,0,1.92e-20
120.79000000000002,8.1e-22,0,1.798888888888889e-20
121.045,0.0,0,1.84125e-20
121.30000000000001,0.0,0,1.88e-20
121.57777777777778,0.0,0,1.8644444444444446e-20
121.83500000000001,0.0,0,1.90125e-20
122.08999999999999,0.0,0,1.8677777777777778e-20
122.36,0.0,0,1.6855555555555553e-20
122.64,0.0,0,1.8955555555555554e-20
122.89500000000001,0.0,0,1.88875e-20
123.14999999999999,0.0,0,1.881111111111111e-20
123.42222222222222,0.0,0,1.9733333333333333e-20
123.69999999999999,0.0,0,1.7533333333333336e-20
123.97,0.0,0,1.7388888888888887e-20
124.23999999999998,0.0,0,1.7955555555555556e-20
124.5,0.0,0,1.74125e-20
124.76000000000002,0.0,0,1.8333333333333332e-20
125.03,0.0,0,1.7866666666666666e-20
125.30000000000001,0.0,0,1.882222222222222e-20
125.57777777777778,0.0,0,1.6788888888888888e-20
125.85000000000001,0.0,0,1.7633333333333336e-20
126.11999999999999,0.0,0,1.8533333333333333e-20
126.39111111111112,0.0,0,1.817777777777778e-20
126.67,0.0,0,1.811111111111111e-20
126.94,0.0,0,1.8088888888888886e-20
127.20999999999998,0.0,0,1.75e-20
127.48444444444443,0.0,0,1.783333333333333e-20
127.76000000000002,2.36e-22,1,1.748888888888889e-20
128.04500000000002,0.0,0,1.833e-20
128.33,0.0,0,2.0166666666666667e-20
128.60888888888888,0.0,0,1.882222222222222e-20
128.88,0.0,0,1.7855555555555553e-20
129.15,0.0,0,1.8955555555555557e-20
129.42222222222222,0.0,0,1.8511111111111113e-20
129.71499999999997,0.0,0,1.898e-20
130.0,0.0,0,1.8422222222222223e-20
130.27000000000004,0.0,0,1.7677777777777775e-20
130.54666666666668,0.0,0,1.6899999999999998e-20
130.83499999999998,0.0,0,1.748e-20
131.12,0.0,0,1.8399999999999997e-20
131.39111111111112,0.0,0,1.8277777777777777e-20
131.685,0.0,0,1.8799999999999998e-20
131.97,0.0,0,1.8755555555555556e-20
132.23999999999998,0.0,0,1.8599999999999998e-20
132.531,0.0,0,1.788e-20
132.82,0.0,0,1.861111111111111e-20
133.10500000000002,0.0,0,1.9249999999999998e-20
133.39111111111112,0.0,0,1.991111111111111e-20
133.685,0.0,0,1.8060000000000003e-20
133.97,0.0,0,1.9033333333333334e-20
134.25499999999997,0.0,0,1.8250000000000004e-20
134.54666666666668,0.0,0,1.818888888888889e-20
134.83499999999998,4.6700000000000005e-23,1,1.8380000000000005e-20
135.12,0.0,0,1.8266666666666664e-20
135.40699999999998,0.0,0,1.878e-20
135.71499999999997,0.0,0,1.791e-20
136.0,0.0,0,1.671111111111111e-20
136.28500000000003,0.0,0,1.695e-20
136.59300000000002,0.0,0,1.9349999999999998e-20
136.88,0.0,0,1.731111111111111e-20
137.16500000000002,0.0,0,1.7829999999999998e-20
137.469,0.0,0,1.754e-20
137.75999999999996,0.0,0,1.9322222222222222e-20
138.04500000000002,0.0,0,1.909e-20
138.345,0.0,0,1.877e-20
138.655,0.0,0,1.782e-20
138.95499999999998,0.0,0,1.7720000000000002e-20
139.25499999999997,0.0,0,1.7659999999999998e-20
139.54666666666668,0.0,0,1.8933333333333334e-20
139.83499999999998,0.0,0,1.8879999999999997e-20
140.135,0.0,0,1.869e-20
140.438,0.0,0,1.9439999999999997e-20
140.74499999999998,0.0,0,1.8699999999999998e-20
141.04500000000002,0.0,0,1.744e-20
141.345,0.0,0,1.9039999999999998e-20
141.655,0.0,0,1.8170000000000002e-20
141.95499999999998,5.69e-22,1,1.8380000000000002e-20
142.25499999999997,0.0,0,1.794e-20
142.562,0.0,0,1.973e-20
142.865,0.0,0,1.834e-20
143.16500000000002,0.0,0,1.791e-20
143.48454545454544,0.0,0,1.902727272727273e-20
143.805,0.0,0,1.89e-20
144.10500000000002,0.0,0,1.738e-20
144.40699999999998,0.0,0,1.774e-20
144.71499999999997,0.0,0,1.846e-20
145.03,0.0,0,1.749090909090909e-20
145.345,0.0,0,1.7580000000000002e-20
145.655,0.0,0,1.7329999999999997e-20
145.95499999999998,0.0,0,1.852e-20
146.26999999999998,0.0,0,1.898181818181818e-20
146.59300000000002,0.0,0,1.778e-20
146.89499999999998,0.0,0,1.818e-20
147.21,0.0,0,1.7481818181818182e-20
147.531,0.0,0,1.756e-20
147.85,0.0,0,1.732727272727273e-20
148.16500000000002,0.0,0,1.708e-20
148.469,0.0,0,1.739e-20
148.79,0.0,0,1.8563636363636364e-20
149.10500000000002,4.07e-23,1,1.836e-20
149.42272727272726,0.0,0,1.7727272727272728e-20
149.76,0.0,0,1.8400000000000003e-20
150.075,0.0,0,2.1840000000000004e-20
150.39181818181817,0.0,0,1.8463636363636364e-20
150.71499999999997,0.0,0,1.8669999999999997e-20
151.03,0.0,0,1.9136363636363636e-20
151.3609090909091,0.0,0,1.8445454545454546e-20
151.685,0.0,0,1.829e-20
152.0,0.0,0,1.7500000000000003e-20
152.33,0.0,0,1.8300000000000003e-20
152.655,0.0,0,1.9009999999999998e-20
152.96999999999997,0.0,0,1.878181818181818e-20
153.30000000000004,0.0,0,1.8054545454545453e-20
153.6390909090909,0.0,0,1.8172727272727275e-20
153.96999999999997,0.0,0,1.712727272727273e-20
154.28500000000003,0.0,0,1.7939999999999995e-20
154.60818181818183,0.0,0,1.7554545454545455e-20
154.94,0.0,0,1.8472727272727273e-20
155.26999999999998,0.0,0,1.7272727272727272e-20
155.60818181818183,0.0,0,1.823636363636364e-20
155.94,0.0,0,1.7890909090909092e-20
156.26999999999998,1.57e-22,1,1.771818181818182e-20
156.60818181818183,0.0,0,1.8318181818181818e-20
156.94,0.0,0,1.8445454545454546e-20
157.26999999999998,0.0,0,1.813636363636364e-20
157.60818181818183,0.0,0,1.8245454545454548e-20
157.94,0.0,0,1.8463636363636364e-20
158.26999999999998,0.0,0,1.8436363636363636e-20
158.60818181818183,0.0,0,1.7363636363636363e-20
158.94,0.0,0,1.7490909090909088e-20
159.285,0.0,0,1.8225e-20
159.6390909090909,0.0,0,1.8163636363636363e-20
159.96999999999997,0.0,0,1.6718181818181816e-20
160.30000000000004,0.0,0,1.702727272727273e-20
160.65416666666667,0.0,0,1.7608333333333332e-20
161.0,0.0,0,1.6945454545454547e-20
161.33,0.0,0,1.7954545454545456e-20
161.68499999999997,0.0,0,1.7466666666666668e-20
162.03,0.0,0,1.882727272727273e-20
162.3609090909091,0.0,0,1.9018181818181817e-20
162.715,0.0,0,1.8475000000000002e-20
163.06000000000003,0.0,0,1.8390909090909094e-20
163.4075,1.74e-21,0,1.8583333333333337e-20
163.76,0.0,0,1.7863636363636362e-20
164.09,0.0,0,1.943636363636364e-20
164.4383333333333,0.0,0,1.82e-20
164.80499999999998,0.0,0,1.9050000000000003e-20
165.14999999999998,0.0,0,1.9081818181818184e-20
165.5,0.0,0,1.8291666666666668e-20
165.85,0.0,0,1.8636363636363637e-20
166.19500000000002,0.0,0,1.8149999999999998e-20
166.56166666666667,0.0,0,1.783333333333333e-20
166.90999999999997,0.0,0,1.7454545454545455e-20
167.255,0.0,0,1.7208333333333334e-20
167.62333333333333,0.0,0,1.8300000000000003e-20
167.96999999999997,0.0,0,1.9436363636363637e-20
168.31500000000003,0.0,0,1.9599999999999998e-20
168.68499999999997,0.0,0,1.7783333333333335e-20
169.04500000000002,0.0,0,1.7116666666666668e-20
169.4075,0.0,0,1.8091666666666664e-20
169.76,0.0,0,1.939090909090909e-20
170.105,0.0,0,1.8758333333333334e-20
170.46916666666664,1.42e-22,1,1.815833333333333e-20
170.83500000000004,0.0,0,1.7266666666666664e-20
171.19500000000002,0.0,0,1.9316666666666666e-20
171.56166666666664,0.0,0,1.8216666666666666e-20
171.92499999999998,0.0,0,1.765e-20
172.28499999999997,0.0,0,1.6425e-20
172.65416666666667,0.0,0,1.8516666666666666e-20
173.015,0.0,0,1.8175000000000002e-20
173.37666666666667,0.0,0,1.783333333333333e-20
173.75999999999996,0.0,0,1.8730769230769232e-20
174.13500000000002,0.0,0,1.8516666666666663e-20
174.5,0.0,0,1.7958333333333332e-20
174.865,0.0,0,1.9233333333333335e-20
175.225,0.0,0,1.785833333333333e-20
175.6076923076923,0.0,0,1.7607692307692306e-20
175.98499999999999,0.0,0,1.8191666666666665e-20
176.34583333333333,0.0,0,1.85e-20
176.715,0.0,0,1.8033333333333334e-20
177.09000000000003,0.0,0,1.956923076923077e-20
177.46916666666664,1.99e-21,0,1.92e-20
177.85000000000005,0.0,0,1.8053846153846155e-20
178.225,0.0,0,1.8849999999999997e-20
178.5925,0.0,0,1.8916666666666668e-20
178.97,0.0,0,1.9623076923076926e-20
179.34583333333333,0.0,0,1.8816666666666664e-20
179.73,0.0,0,4.943846153846153e-20
180.10500000000002,0.0,0,9.669166666666667e-20
180.48461538461535,0.0,0,2.1392307692307692e-20
180.88,0.0,0,1.9207692307692308e-20
181.255,0.0,0,1.8508333333333335e-20
181.63846153846154,0.0,0,1.7653846153846153e-20
182.03,0.0,0,1.7646153846153842e-20
182.4075,0.0,0,1.7349999999999998e-20
182.78999999999996,0.0,0,1.811538461538461e-20
183.18,0.0,0,1.7623076923076923e-20
183.57692307692307,0.0,0,1.7069230769230768e-20
183.955,0.0,0,1.7875e-20
184.33076923076925,0.0,0,1.8230769230769233e-20
184.73,1.17e-22,1,1.814615384615385e-20
185.12000000000003,0.0,0,1.8038461538461538e-20
185.5153846153846,0.0,0,1.8192307692307688e-20
185.91000000000003,0.0,0,1.904615384615385e-20
186.29999999999998,0.0,0,1.9307692307692308e-20
186.7,0.0,0,1.8253846153846152e-20
187.09000000000003,0.0,0,1.8607692307692306e-20
187.48461538461535,0.0,0,1.7623076923076923e-20
187.88,0.0,0,1.777692307692308e-20
188.26999999999998,0.0,0,1.7276923076923077e-20
188.66923076923078,0.0,0,1.836153846153846e-20
189.05999999999997,0.0,0,1.7461538461538455e-20
189.45384615384617,0.0,0,1.7084615384615385e-20
189.85000000000002,0.0,0,1.836153846153846e-20
190.25499999999997,0.0,0,1.8464285714285713e-20
190.66923076923078,0.0,0,1.917692307692308e-20
191.05999999999997,0.0,0,1.787692307692308e-20
191.45384615384617,0.0,0,1.8453846153846156e-20
191.865,2.3e-21,0,1.9078571428571426e-20
192.26999999999998,0.0,0,1.826923076923077e-20
192.68428571428575,0.0,0,1.8185714285714285e-20
193.09000000000003,0.0,0,1.7384615384615383e-20
193.48461538461535,0.0,0,1.813076923076923e-20
193.895,0.0,0,1.8042857142857145e-20
194.29999999999998,0.0,0,1.9592307692307692e-20
194.71499999999997,0.0,0,1.8685714285714284e-20
195.12,0.0,0,1.8353846153846156e-20
195.53071428571428,0.0,0,1.7821428571428568e-20
195.94,0.0,0,1.8976923076923074e-20
196.3464285714286,0.0,0,1.8171428571428574e-20
196.77499999999995,0.0,0,1.7128571428571428e-20
197.18,0.0,0,1.8646153846153848e-20
197.59214285714285,0.0,0,1.7771428571428572e-20
198.01499999999996,0.0,0,1.807857142857143e-20
198.4385714285714,0.0,0,1.77e-20
198.85000000000002,1.13e-22,1,1.775384615384615e-20
199.25499999999997,0.0,0,1.8900000000000005e-20
199.68428571428575,0.0,0,1.9407142857142862e-20
200.10500000000005,0.0,0,1.8657142857142858e-20
200.53071428571428,0.0,0,1.8400000000000003e-20
200.95499999999998,0.0,0,1.8014285714285713e-20
201.37714285714287,0.0,0,1.764285714285714e-20
201.80499999999998,0.0,0,1.9492857142857145e-20
202.225,0.0,0,1.9242857142857145e-20
202.65357142857144,0.0,0,1.762857142857143e-20
203.075,0.0,0,1.7507142857142853e-20
203.49999999999997,0.0,0,1.8614285714285712e-20
203.925,0.0,0,1.7928571428571424e-20
204.3464285714286,0.0,0,1.804285714285714e-20
204.77499999999995,0.0,0,1.9114285714285713e-20
205.195,0.0,0,1.829285714285714e-20
205.63799999999998,0.0,0,1.688666666666666e-20
206.075,1.08e-20,0,1.7792857142857145e-20
206.5,0.0,0,1.8171428571428574e-20
206.94000000000003,0.0,0,1.7406666666666664e-20
207.37714285714287,0.0,0,1.870714285714286e-20
207.80499999999998,0.0,0,1.77e-20
208.23999999999998,0.0,0,1.8593333333333333e-20
208.68428571428572,0.0,0,1.8364285714285713e-20
209.12000000000003,0.0,0,1.7713333333333332e-20
209.56142857142854,0.0,0,1.8349999999999998e-20
210.0,0.0,0,1.8946666666666665e-20
210.43857142857146,0.0,0,1.8007142857142857e-20
210.88000000000002,0.0,0,1.8620000000000002e-20
211.31571428571425,0.0,0,1.8678571428571425e-20
211.75999999999996,0.0,0,1.816e-20
212.21,0.0,0,1.7706666666666668e-20
212.6535714285714,0.0,0,1.975e-20
213.09,3.92e-23,1,1.8933333333333334e-20
213.54599999999996,0.0,0,1.7773333333333333e-20
214.0,0.0,0,1.8086666666666668e-20
214.43857142857146,0.0,0,1.852142857142857e-20
214.88000000000002,0.0,0,1.7340000000000002e-20
215.33133333333333,0.0,0,1.8993333333333335e-20
215.79,0.0,0,1.873333333333334e-20
216.23999999999998,0.0,0,1.8326666666666665e-20
216.69933333333333,0.0,0,1.8539999999999997e-20
217.15,0.0,0,1.8253333333333336e-20
217.60733333333334,0.0,0,1.897333333333333e-20
218.06,0.0,0,1.886e-20
218.51533333333333,0.0,0,1.8526666666666663e-20
218.96999999999997,0.0,0,1.9586666666666666e-20
219.42333333333332,0.0,0,1.9699999999999998e-20
219.88000000000002,2.71e-21,0,1.7946666666666668e-20
220.346875,0.0,0,1.850625e-20
220.82,0.0,0,1.8620000000000002e-20
221.26999999999998,0.0,0,1.8053333333333335e-20
221.73000000000002,0.0,0,1.936666666666667e-20
222.195,0.0,0,1.8206250000000003e-20
222.66866666666664,0.0,0,1.9253333333333333e-20
223.12000000000003,0.0,0,1.802e-20
223.59187500000002,0.0,0,1.864375e-20
224.06,0.0,0,1.9106666666666672e-20
224.530625,0.0,0,1.82125e-20
225.0,0.0,0,1.9e-20
225.469375,0.0,0,1.893125e-20
225.94000000000003,0.0,0,1.790666666666666e-20
226.40812499999998,0.0,0,1.8618749999999998e-20
226.895,0.0,0,1.843125e-20
227.36200000000002,5.15e-23,1,1.8e-20
227.835,0.0,0,1.776875e-20
228.31625,0.0,0,1.9425e-20
228.79,0.0,0,1.9113333333333336e-20
229.255,0.0,0,1.8612499999999998e-20
229.745,0.0,0,1.8918750000000002e-20
230.225,0.0,0,1.9343749999999998e-20
230.71437500000002,0.0,0,1.856875e-20
231.195,0.0,0,1.8025e-20
231.68375,0.0,0,1.868125e-20
232.165,0.0,0,1.84625e-20
232.653125,0.0,0,1.8525e-20
233.13500000000002,0.0,0,1.8874999999999998e-20
233.6225,0.0,0,1.9343749999999998e-20
234.105,2.23e-21,0,1.864375e-20
234.59187500000002,0.0,0,1.724375e-20
235.07500000000002,0.0,0,1.871875e-20
235.56125,0.0,0,1.79875e-20
236.06,0.0,0,1.8411764705882354e-20
236.56125,0.0,0,1.8168749999999998e-20
237.045,0.0,0,1.813125e-20
237.530625,0.0,0,1.8762499999999997e-20
238.03,0.0,0,1.7811764705882355e-20
238.530625,0.0,0,1.82875e-20
239.03,0.0,0,1.8311764705882353e-20
239.530625,0.0,0,1.8568750000000003e-20
240.03,0.0,0,2.724705882352941e-20
240.530625,0.0,0,1.9843749999999997e-20
241.03,0.0,0,1.8176470588235298e-20
241.530625,1.13e-21,0,1.84375e-20
242.03,0.0,0,1.9582352941176467e-20
242.54588235294116,0.0,0,1.778235294117647e-20
243.045,0.0,0,1.7631250000000002e-20
243.54588235294116,0.0,0,1.7376470588235292e-20
244.05999999999997,0.0,0,1.937058823529412e-20
244.5764705882353,0.0,0,1.83e-20
245.07500000000002,0.0,0,1.8325e-20
245.5764705882353,0.0,0,1.806470588235294e-20
246.09000000000003,0.0,0,1.7970588235294118e-20
246.60705882352946,0.0,0,1.842941176470588e-20
247.12,0.0,0,1.8341176470588238e-20
247.63764705882355,0.0,0,1.903529411764706e-20
248.15,0.0,0,1.8423529411764707e-20
248.66823529411764,1.89e-22,1,1.8470588235294116e-20
249.17999999999998,0.0,0,1.8241176470588237e-20
249.69882352941178,0.0,0,1.9576470588235296e-20
250.22499999999997,0.0,0,1.817777777777778e-20
250.76,0.0,0,1.816470588235294e-20
251.27058823529413,0.0,0,1.9105882352941176e-20
251.79000000000002,0.0,0,1.9111764705882353e-20
252.31666666666666,0.0,0,1.842777777777778e-20
252.85,0.0,0,1.793529411764706e-20
253.36235294117645,0.0,0,1.7841176470588236e-20
253.89499999999998,0.0,0,1.761111111111111e-20
254.4235294117647,0.0,0,1.8176470588235295e-20
254.95499999999998,0.0,0,1.85e-20
255.48470588235293,2.31e-23,1,1.8158823529411764e-20
256.01499999999993,0.0,0,1.8705555555555557e-20
256.54588235294113,0.0,0,1.9499999999999997e-20
257.07500000000005,0.0,0,1.893888888888889e-20
257.6222222222222,0.0,0,1.8083333333333333e-20
258.15000000000003,0.0,0,1.9047058823529414e-20
258.68333333333334,0.0,0,1.802222222222222e-20
259.22499999999997,0.0,0,1.9149999999999998e-20
259.775,0.0,0,1.8333333333333332e-20
260.30117647058825,0.0,0,1.8176470588235292e-20
260.83500000000004,0.0,0,1.8483333333333334e-20
261.37777777777774,0.0,0,1.8261111111111114e-20
261.92499999999995,0.0,0,1.8277777777777777e-20
262.4694444444445,2.43e-21,0,1.9355555555555555e-20
263.01500000000004,0.0,0,1.9005555555555558e-20
263.5611111111111,0.0,0,1.9394444444444444e-20
264.10499999999996,0.0,0,1.8544444444444446e-20
264.65277777777777,0.0,0,1.8505555555555554e-20
265.21,0.0,0,1.8657894736842104e-20
265.775,0.0,0,1.923888888888889e-20
266.31666666666666,0.0,0,1.9138888888888888e-20
266.865,0.0,0,1.8494444444444444e-20
267.42368421052635,0.0,0,1.874736842105263e-20
267.98499999999996,0.0,0,1.8672222222222222e-20
268.53055555555557,0.0,0,1.791111111111111e-20
269.09,0.0,0,1.8021052631578944e-20
269.65277777777777,3.44e-23,1,1.858888888888889e-20
270.21,0.0,0,1.9163157894736842e-20
270.775,0.0,0,1.8766666666666666e-20
271.33210526315787,0.0,0,2.131578947368421e-20
271.895,0.0,0,2.1694444444444442e-20
272.4542105263158,0.0,0,1.992105263157895e-20
273.03000000000003,0.0,0,2.0942105263157893e-20
273.59166666666664,0.0,0,2.1744444444444443e-20
274.15000000000003,0.0,0,2.1736842105263156e-20
274.7289473684211,0.0,0,2.1694736842105268e-20
275.30157894736845,0.0,0,2.1252631578947372e-20
275.87999999999994,0.0,0,2.2073684210526317e-20
276.4388888888889,0.0,0,2.1422222222222226e-20
277.0,2.16e-22,1,2.05e-20
277.57631578947365,0.0,0,2.053684210526316e-20
278.15000000000003,0.0,0,2.0368421052631582e-20
278.7289473684211,0.0,0,2.1126315789473684e-20
279.317,0.0,0,2.473e-20
279.91,0.0,0,2.265263157894737e-20
280.4847368421053,0.0,0,2.0031578947368423e-20
281.06,0.0,0,1.9242105263157894e-20
281.6373684210526,0.0,0,2.0852631578947368e-20
282.2255,0.0,0,1.9765e-20
282.82000000000005,0.0,0,2.041578947368421e-20
283.3931578947368,0.0,0,2.013684210526316e-20
283.985,1.56e-22,1,1.9170000000000002e-20
284.57631578947365,0.0,0,1.9673684210526316e-20
285.165,0.0,0,1.957e-20
285.75947368421055,0.0,0,1.9478947368421055e-20
286.34749999999997,0.0,0,1.991e-20
286.94,0.0,0,2.1368421052631576e-20
287.53049999999996,0.0,0,1.9550000000000002e-20
288.12,0.0,0,1.8536842105263155e-20
288.7135,0.0,0,1.9620000000000002e-20
289.317,0.0,0,2.0049999999999998e-20
289.925,0.0,0,1.9595000000000004e-20
290.53049999999996,0.0,0,1.9480000000000005e-20
291.12,2.1100000000000002e-22,1,1.8905263157894735e-20
291.7135,0.0,0,1.8314999999999998e-20
292.317,0.0,0,1.9525e-20
292.925,0.0,0,1.9039999999999998e-20
293.53049999999996,0.0,0,1.7905e-20
294.135,0.0,0,1.9954999999999997e-20
294.744,0.0,0,1.9624999999999995e-20
295.36285714285714,0.0,0,1.9204761904761906e-20
295.985,0.0,0,1.8815e-20
296.5915,0.0,0,2.0404999999999997e-20
297.195,0.0,0,2.0435000000000003e-20
297.82,0.0,0,1.9366666666666662e-20
298.439,1.04e-22,1,1.9689999999999996e-20
299.045,0.0,0,2.4275000000000002e-20
299.66761904761904,0.0,0,9.433809523809524e-20
300.28650000000005,0.0,0,4.1349999999999994e-20
300.90999999999997,0.0,0,1.9999999999999996e-20
301.53049999999996,0.0,0,1.896e-20
302.15,0.0,0,5.1976190476190474e-20
302.77450000000005,0.0,0,2.448e-20
303.3933333333333,0.0,0,4.425238095238096e-20
304.03000000000003,0.0,0,1.9304761904761907e-20
304.66761904761904,0.0,0,1.8752380952380954e-20
305.28650000000005,1.62e-22,1,2.0475e-20
305.90999999999997,0.0,0,2.0009523809523812e-20
306.54571428571427,0.0,0,1.9900000000000002e-20
307.18,0.0,0,1.9095238095238095e-20
307.82,0.0,0,1.9242857142857142e-20
308.45428571428573,0.0,0,1.981904761904762e-20
309.09000000000003,0.0,0,1.8595238095238097e-20
309.72857142857146,0.0,0,1.8657142857142852e-20
310.36285714285714,0.0,0,1.815238095238095e-20
311.01500000000004,0.0,0,1.8690909090909095e-20
311.66761904761904,0.0,0,1.9747619047619045e-20
312.3019047619048,1.2e-22,1,1.9952380952380958e-20
312.94,0.0,0,1.874285714285714e-20
313.59136363636367,0.0,0,1.8695454545454545e-20
314.2409523809524,0.0,0,1.8347619047619046e-20
314.88,0.0,0,1.938095238095238e-20
315.5304545454546,0.0,0,1.9959090909090906e-20
316.18,0.0,0,1.8580952380952382e-20
316.835,0.0,0,1.8809090909090907e-20
317.50000000000006,0.0,0,1.9536363636363634e-20
318.15,0.0,0,2.0404761904761907e-20
318.80454545454546,0.0,0,1.941363636363636e-20
319.4695454545455,2.23e-21,0,1.9854545454545456e-20
320.12,0.0,0,1.9776190476190476e-20
320.77409090909094,0.0,0,1.8218181818181818e-20
321.4390909090909,0.0,0,2.0413636363636368e-20
322.105,0.0,0,1.9822727272727276e-20
322.77409090909094,0.0,0,1.970454545454545e-20
323.4390909090909,0.0,0,1.9277272727272725e-20
324.105,0.0,0,2.0027272727272726e-20
324.77409090909094,0.0,0,2.062272727272727e-20
325.4390909090909,0.0,0,1.951363636363636e-20
326.105,0.0,0,1.9490909090909094e-20
326.78913043478263,2.17e-21,0,1.9595652173913046e-20
327.4695454545455,0.0,0,1.9540909090909087e-20
328.135,0.0,0,1.9481818181818182e-20
328.8195652173913,0.0,0,1.9673913043478255e-20
329.50000000000006,0.0,0,1.9663636363636365e-20
330.16499999999996,0.0,0,1.9645454545454546e-20
330.85,0.0,0,1.846521739130435e-20
331.5304545454546,0.0,0,1.9027272727272732e-20
332.2108695652174,0.0,0,1.9665217391304343e-20
332.91,0.0,0,2.0556521739130434e-20
333.59136363636367,1.1400000000000001e-21,0,2.1154545454545457e-20
334.2717391304348,0.0,0,2.0126086956521733e-20
334.97,0.0,0,1.9560869565217388e-20
335.6673913043478,0.0,0,2.021304347826087e-20
336.3477272727273,0.0,0,2.094545454545455e-20
337.03000000000003,0.0,0,2.042608695652174e-20
337.7282608695652,0.0,0,1.9808695652173913e-20
338.42391304347825,0.0,0,1.943913043478261e-20
339.12,0.0,0,2.0786956521739135e-20
339.8195652173913,0.0,0,2.0982608695652175e-20
340.5152173913044,2.36e-21,0,2.0608695652173916e-20
341.22625,0.0,0,1.9883333333333335e-20
341.93999999999994,0.0,0,1.968260869565217e-20
342.63695652173914,0.0,0,1.9552173913043473e-20
343.3326086956522,0.0,0,1.976086956521739e-20
344.045,0.0,0,2.0333333333333335e-20
344.75869565217397,0.0,0,2.041304347826087e-20
345.46958333333333,0.0,0,2.0195833333333334e-20
346.1804347826087,0.0,0,1.9647826086956525e-20
346.895,0.0,0,1.94875e-20
347.6065217391304,2.26e-21,0,1.9995652173913044e-20
348.31749999999994,0.0,0,2.0008333333333337e-20
349.045,0.0,0,1.9454166666666668e-20
349.75869565217397,0.0,0,2.0069565217391305e-20
350.46958333333333,0.0,0,1.96625e-20
351.1958333333334,0.0,0,2.0349999999999998e-20
351.925,0.0,0,2.1070833333333336e-20
352.6520833333334,0.0,0,1.9908333333333333e-20
353.37833333333333,0.0,0,2.048333333333333e-20
354.105,0.0,0,2.037083333333333e-20
354.8345833333333,2.15e-21,0,2.0316666666666666e-20
355.5608333333333,0.0,0,2.0224999999999997e-20
356.2870833333333,0.0,0,2.0245833333333332e-20
357.01500000000004,0.0,0,1.9879166666666664e-20
357.75840000000005,0.0,0,1.9612e-20
358.5,0.0,0,1.975833333333333e-20
359.22625,0.0,0,2.0141666666666666e-20
359.97,0.0,0,2.0104000000000002e-20
360.7129166666667,0.0,0,2.0416666666666666e-20
361.4544,0.0,0,2.1128e-20
362.1958333333334,2.63e-21,0,2.0587499999999997e-20
362.94,0.0,0,2.0716e-20
363.68250000000006,0.0,0,2.061666666666667e-20
364.4240000000001,0.0,0,2.1332e-20
365.18080000000003,0.0,0,1.9924000000000003e-20
365.94,0.0,0,2.0532000000000002e-20
366.68250000000006,0.0,0,2.0783333333333332e-20
367.4240000000001,0.0,0,2.1292e-20
368.18080000000003,0.0,0,2.1320000000000004e-20
368.94,2.2899999999999997e-21,0,2.1403999999999997e-20
369.6976,0.0,0,1.9996e-20
370.4544,0.0,0,2.1928e-20
371.2265384615385,0.0,0,2.4565384615384616e-20
372.0,0.0,0,2.6411999999999998e-20
372.75840000000005,0.0,0,2.4940000000000005e-20
373.5152,0.0,0,2.44e-20
374.28730769230765,0.0,0,2.2384615384615384e-20
375.06,0.0,0,2.2423999999999996e-20
375.8342307692307,0.0,0,2.1384615384615386e-20
376.6063999999999,2.94e-21,0,2.038e-20
377.37846153846147,0.0,0,1.9884615384615382e-20
378.1504,0.0,0,2.0776e-20
378.92499999999995,0.0,0,2.0253846153846152e-20
379.71269230769235,0.0,0,2.0557692307692308e-20
380.4848,0.0,0,2.0179999999999998e-20
381.2569230769231,0.0,0,2.085769230769231e-20
382.045,0.0,0,2.0615384615384618e-20
382.8342307692307,0.0,0,2.074230769230769e-20
383.62153846153836,2.5e-21,0,2.0419230769230765e-20
384.4088461538462,0.0,0,2.045e-20
385.19615384615383,0.0,0,2.0157692307692303e-20
385.985,0.0,0,2.094230769230769e-20
386.77346153846156,0.0,0,2.0207692307692305e-20
387.5759259259259,0.0,0,1.9811111111111108e-20
388.37846153846147,0.0,0,2.0323076923076925e-20
389.16576923076923,0.0,0,2.1111538461538462e-20
389.955,0.0,0,2.0623076923076926e-20
390.75814814814817,2.8199999999999998e-21,0,2.0566666666666665e-20
391.5607692307692,0.0,0,2.0846153846153843e-20
392.3633333333333,0.0,0,2.0759259259259257e-20
393.1811111111111,0.0,0,2.2396296296296293e-20
393.985,0.0,0,2.1053846153846158e-20
394.7885185185186,0.0,0,2.2003703703703706e-20
395.60629629629625,0.0,0,2.1344444444444448e-20
396.4088461538462,0.0,0,2.1561538461538465e-20
397.21148148148154,2.8100000000000003e-21,0,2.1796296296296297e-20
398.03,0.0,0,2.120370370370371e-20
398.8492592592592,0.0,0,2.1340740740740744e-20
399.66703703703706,0.0,0,2.1651851851851852e-20
400.4848148148148,0.0,0,2.111481481481482e-20
401.3025925925926,0.0,0,2.0485185185185186e-20
402.13571428571424,0.0,0,2.151785714285715e-20
402.97,0.0,0,2.0155555555555557e-20
403.7885185185186,0.0,0,2.1251851851851853e-20
404.62142857142857,3.24e-21,0,2.121428571428571e-20
405.4544444444445,0.0,0,2.0485185185185183e-20
406.27222222222224,0.0,0,2.0288888888888893e-20
407.10535714285714,0.0,0,2.1178571428571427e-20
407.94,0.0,0,1.9859259259259264e-20
408.77321428571435,0.0,0,2.0892857142857137e-20
409.62142857142857,0.0,0,1.0567499999999999e-19
410.4696428571429,0.0,0,3.6441428571428565e-19
411.3025925925926,0.0,0,2.0766666666666672e-20
412.13571428571424,2.77e-21,0,2.2007142857142855e-20
412.985,0.0,0,2.1432142857142857e-20
413.83392857142854,0.0,0,2.047857142857143e-20
414.6821428571429,0.0,0,2.122857142857143e-20
415.53035714285716,0.0,0,2.1710714285714282e-20
416.37857142857143,0.0,0,2.0982142857142857e-20
417.2267857142857,0.0,0,2.147142857142857e-20
418.09034482758625,0.0,0,2.1944827586206892e-20
418.955,0.0,0,2.223571428571429e-20
419.80357142857144,0.0,0,2.3414285714285715e-20
420.6668965517241,0.0,0,2.1606896551724146e-20
421.53035714285716,0.0,0,2.147142857142857e-20
422.3937931034483,0.0,0,2.1775862068965522e-20
423.25714285714287,0.0,0,2.0996428571428574e-20
424.12068965517244,0.0,0,2.0965517241379308e-20
425.0,0.0,0,2.222758620689655e-20
425.8642857142857,3.12e-21,0,2.166071428571429e-20
426.7275862068966,0.0,0,2.0755172413793105e-20
427.6062068965517,0.0,0,2.1113793103448283e-20
428.48482758620696,0.0,0,2.1355172413793113e-20
429.3634482758621,0.0,0,2.1993103448275857e-20
430.24206896551726,0.0,0,2.2858620689655172e-20
431.12068965517244,0.0,0,2.114827586206897e-20
432.0,0.0,0,2.1879310344827588e-20
432.8793103448275,3.1999999999999998e-21,0,2.154827586206896e-20
433.773,0.0,0,2.148333333333334e-20
434.6668965517241,0.0,0,2.0489655172413792e-20
435.5455172413793,0.0,0,2.092413793103449e-20
436.4393333333333,0.0,0,2.1353333333333337e-20
437.33310344827584,0.0,0,2.091034482758621e-20
438.227,0.0,0,2.1386666666666675e-20
439.136,0.0,0,2.151333333333333e-20
440.03000000000003,3.3299999999999997e-21,0,2.145172413793103e-20
440.9246666666666,0.0,0,2.2163333333333326e-20
441.83366666666666,0.0,0,2.2109999999999996e-20
442.74266666666676,0.0,0,2.1273333333333338e-20
443.65166666666664,0.0,0,2.1393333333333324e-20
444.56066666666663,0.0,0,2.1736666666666675e-20
445.4696666666667,0.0,0,2.087e-20
446.3786666666667,0.0,0,2.201666666666666e-20
447.2876666666667,3.32e-21,0,2.258666666666667e-20
448.19666666666666,0.0,0,2.2959999999999994e-20
449.10566666666665,0.0,0,2.1933333333333328e-20
450.03000000000003,0.0,0,2.2699999999999998e-20
450.955,0.0,0,2.226333333333333e-20
451.87903225806446,0.0,0,2.2458064516129037e-20
452.80333333333334,0.0,0,2.142333333333333e-20
453.72741935483873,0.0,0,2.2619354838709672e-20
454.65166666666664,2.84e-21,0,2.2329999999999997e-20
455.5758064516129,0.0,0,2.3377419354838713e-20
456.5151612903226,0.0,0,2.2741935483870962e-20
457.4545161290322,0.0,0,2.3064516129032256e-20
458.393870967742,0.0,0,2.2803225806451612e-20
459.31800000000004,0.0,0,2.2053333333333342e-20
460.2575,0.0,0,2.2771875e-20
461.21193548387095,3.02e-21,0,2.3903225806451618e-20
462.1512903225807,0.0,0,2.3493548387096777e-20
463.0906451612903,0.0,0,2.34e-20
464.03000000000003,0.0,0,2.3458064516129028e-20
464.985,0.0,0,2.24625e-20
465.9396774193548,0.0,0,2.3732258064516137e-20
466.87903225806446,0.0,0,2.3451612903225807e-20
467.83343749999995,0.0,0,2.4725e-20
468.78806451612905,3.27e-21,0,2.475483870967742e-20
469.7425,0.0,0,2.6359375e-20
470.7121875,0.0,0,2.575625e-20
471.681875,0.0,0,2.5775e-20
472.6364516129032,0.0,0,2.5751612903225814e-20
473.5909375,0.0,0,2.7059375e-20
474.560625,0.0,0,2.7721875e-20
475.53031250000004,4.810000000000001e-21,0,2.7990625000000005e-20
476.5,0.0,0,2.8787500000000005e-20
477.48484848484844,0.0,0,2.981818181818182e-20
478.46968749999996,0.0,0,2.7843750000000004e-20
479.439375,0.0,0,2.6190625e-20
480.4090625,0.0,0,2.6109375e-20
481.3939393939393,0.0,0,2.6087878787878787e-20
482.37874999999997,4.28e-21,0,2.5340624999999996e-20
483.3636363636364,0.0,0,2.4984848484848485e-20
484.3484375,0.0,0,2.5325e-20
485.3333333333333,0.0,0,2.482727272727273e-20
486.3333333333333,0.0,0,2.5503030303030302e-20
487.3333333333333,0.0,0,2.5739393939393942e-20
488.3333333333333,0.0,0,2.5330303030303032e-20
489.318125,0.0,0,2.4253125000000002e-20
490.3030303030303,2.57e-22,1,2.424242424242424e-20
491.31823529411764,0.0,0,2.368529411764706e-20
492.3333333333333,0.0,0,2.4645454545454547e-20
493.3333333333333,0.0,0,2.3681818181818183e-20
494.3333333333333,0.0,0,2.3848484848484845e-20
495.3333333333333,0.0,0,2.375151515151515e-20
496.3485294117647,0.0,0,2.3602941176470588e-20
497.3636363636364,8.450000000000001e-22,0,2.4142424242424244e-20
498.3788235294118,0.0,0,2.3699999999999998e-20
499.3939393939394,0.0,0,2.5381818181818185e-20
500.4091176470588,0.0,0,2.4776470588235294e-20
501.4394117647058,0.0,0,5.998235294117646e-20
502.46970588235297,0.0,0,4.599705882352942e-20
503.5,0.0,0,4.774117647058824e-20
504.5151515151515,3.79e-21,0,4.509666666666666e-19
505.53029411764703,0.0,0,2.5913823529411764e-19
506.57571428571435,0.0,0,2.736571428571428e-20
507.6211764705882,0.0,0,3.4717647058823524e-20
508.6514705882353,0.0,0,3.480882352941176e-20
509.68176470588236,0.0,0,2.6685294117647064e-20
510.7120588235294,1.1100000000000001e-20,0,2.1839117647058824e-19
511.75742857142865,0.0,0,2.723428571428571e-20
512.8029411764707,0.0,0,5.495294117647059e-20
513.8482857142858,0.0,0,8.783428571428571e-20
514.9088571428571,0.0,0,2.432285714285714e-20
515.9544117647059,0.0,0,2.703235294117647e-20
517.0000000000001,0.0,0,3.003142857142857e-20
518.0608571428571,4.28e-22,1,2.527714285714286e-20
519.1214285714286,0.0,0,2.5597142857142858e-20
520.182,0.0,0,2.434571428571429e-20
521.2425714285714,0.0,0,2.464285714285714e-20
522.3031428571428,0.0,0,2.5694285714285712e-20
523.3637142857143,0.0,0,2.4602857142857148e-20
524.4242857142857,0.0,0,2.4908571428571435e-20
525.4999999999999,4.4499999999999995e-22,1,2.415277777777778e-20
526.5757142857143,0.0,0,2.3628571428571433e-20
527.6362857142857,0.0,0,2.4745714285714285e-20
528.7119444444446,0.0,0,2.4544444444444446e-20
529.8027777777779,0.0,0,2.4297222222222225e-20
530.8785714285714,0.0,0,2.365142857142857e-20
531.9541666666667,4.1899999999999995e-22,1,2.5255555555555555e-20
533.0458333333333,0.0,0,2.4930555555555556e-20
534.1366666666668,0.0,0,2.5022222222222225e-20
535.2275,0.0,0,2.4849999999999994e-20
536.3183333333332,0.0,0,2.495277777777778e-20
537.4091666666666,0.0,0,2.5455555555555556e-20
538.4999999999999,0.0,0,2.5125000000000004e-20
539.5908333333333,0.0,0,2.8161111111111114e-20
540.6967567567568,0.0,0,2.673243243243243e-20
541.8027777777779,0.0,0,2.4200000000000006e-20
542.8936111111111,0.0,0,2.5724999999999996e-20
544.0,0.0,0,2.5513513513513517e-20
545.1216216216217,0.0,0,2.6251351351351358e-20
546.2275,3.6200000000000004e-21,0,2.6652777777777778e-20
547.3335135135134,0.0,0,2.5840540540540537e-20
548.4545945945946,0.0,0,2.535675675675676e-20
549.5756756756757,0.0,0,2.5159459459459465e-20
550.6967567567568,0.0,0,2.6264864864864862e-20
551.8178378378379,0.0,0,2.745135135135135e-20
552.9389189189188,0.0,0,3.3783783783783786e-20
554.0610810810812,4.41e-22,1,2.7262162162162166e-20
555.1821621621621,0.0,0,2.5278378378378382e-20
556.3184210526315,0.0,0,2.595263157894737e-20
557.4545945945946,0.0,0,2.909729729729729e-20
558.5907894736843,0.0,0,4.214210526315789e-20
559.7270270270271,0.0,0,3.7148648648648647e-20
560.8631578947369,7.5e-22,1,2.6373684210526325e-20
562.0152631578948,0.0,0,2.5455263157894742e-20
563.151891891892,0.0,0,2.5872972972972975e-20
564.2881578947367,0.0,0,2.5313157894736838e-20
565.4394736842105,0.0,0,2.5536842105263156e-20
566.5907894736843,0.0,0,2.503947368421052e-20
567.742105263158,2.08e-21,1,2.5968421052631578e-20
568.9084615384616,0.0,0,2.575384615384616e-20
570.0763157894737,0.0,0,2.547631578947368e-20
571.2276315789474,0.0,0,2.590263157894737e-20
572.3941025641026,0.0,0,2.6112820512820515e-20
573.5605263157895,0.0,0,3.2760526315789477e-20
574.7269230769232,6.7000000000000005e-21,1,3.0058974358974365e-20
575.8934210526317,0.0,0,2.7073684210526306e-20
577.0610256410257,0.0,0,2.601025641025641e-20
578.2428205128205,0.0,0,2.633333333333334e-20
579.4243589743589,0.0,0,2.5489743589743594e-20
580.6058974358974,0.0,0,2.5374358974358983e-20
581.787435897436,4.0799999999999994e-21,1,2.5205128205128207e-20
582.9694871794871,0.0,0,2.6579487179487172e-20
584.1520512820513,0.0,0,2.6023076923076925e-20
585.3335897435896,0.0,0,2.606923076923077e-20
586.53025,0.0,0,2.5717500000000005e-20
587.7269230769232,0.0,0,2.5564102564102558e-20
588.9084615384616,2.7e-21,1,2.625384615384615e-20
590.10675,0.0,0,2.6582499999999998e-20
591.3185,0.0,0,2.5669999999999995e-20
592.5151282051282,0.0,0,2.5389743589743593e-20
593.71175,0.0,0,2.6105e-20
594.92375,0.0,0,2.6255e-20
596.1370000000001,6.24e-22,1,2.5874999999999998e-20
597.34875,0.0,0,2.5505e-20
598.5604999999999,0.0,0,2.9920000000000004e-20
599.7873170731707,0.0,0,3.40390243902439e-20
601.01525,0.0,0,2.6317499999999994e-20
602.22775,0.0,0,2.66075e-20
603.4546341463415,7.000000000000001e-22,1,2.6397560975609756e-20
604.6815,0.0,0,2.8957499999999996e-20
605.9085365853658,0.0,0,2.9446341463414637e-20
607.1521951219513,0.0,0,3.1746341463414635e-20
608.379,0.0,0,2.72375e-20
609.6058536585366,0.0,0,2.677073170731708e-20
610.8478048780488,6.46e-22,1,2.711463414634146e-20
612.0914634146343,0.0,0,2.6409756097560975e-20
613.3336585365853,0.0,0,2.7058536585365855e-20
614.5756097560975,0.0,0,2.644146341463415e-20
615.832619047619,0.0,0,2.6197619047619054e-20
617.0914634146343,9.23e-22,1,2.682682926829269e-20
618.3488095238095,0.0,0,2.6854761904761904e-20
619.6058536585366,0.0,0,2.6192682926829268e-20
620.8628571428571,0.0,0,2.6042857142857145e-20
622.1219512195122,0.0,0,2.570487804878049e-20
623.3790476190477,0.0,0,2.6526190476190475e-20
624.6511904761905,1.2e-21,1,2.73e-20
625.9238095238095,0.0,0,2.6909523809523813e-20
627.1976190476191,0.0,0,2.73047619047619e-20
628.469761904762,0.0,0,2.7188095238095247e-20
629.7419047619048,0.0,0,2.766904761904762e-20
631.0304651162791,0.0,0,2.718139534883721e-20
632.3185714285713,2.1299999999999998e-21,1,2.793809523809524e-20
633.5907142857143,0.0,0,2.8076190476190475e-20
634.8781395348838,0.0,0,2.7369767441860467e-20
636.182558139535,0.0,0,2.782558139534884e-20
637.469761904762,0.0,0,2.6945238095238097e-20
638.7569767441861,4.75e-21,1,2.7090697674418605e-20
640.0609302325581,0.0,0,2.7174418604651166e-20
641.3639534883721,0.0,0,2.65e-20
642.6662790697675,0.0,0,2.688604651162791e-20
643.9695348837209,0.0,0,2.6930232558139533e-20
645.2732558139535,0.0,0,2.756744186046512e-20
646.5906818181819,7.09e-21,1,2.774090909090909e-20
647.9086046511628,0.0,0,2.723255813953489e-20
649.2127906976744,0.0,0,2.6644186046511628e-20
650.5302272727273,0.0,0,2.828181818181818e-20
651.8629545454545,0.0,0,2.8022727272727274e-20
653.182558139535,4.83e-21,1,2.7769767441860474e-20
654.5000000000001,0.0,0,2.8918181818181815e-20
655.8325,0.0,0,2.8275e-20
657.1675,0.0,0,2.688409090909091e-20
658.5000000000001,0.0,0,2.8225000000000004e-20
659.8325,0.0,0,2.759545454545455e-20
661.1826666666666,0.0,0,2.835111111111111e-20
662.5302272727273,0.0,0,2.755909090909091e-20
663.8629545454545,0.0,0,2.727045454545454e-20
665.212888888889,0.0,0,2.788666666666667e-20
666.5755555555556,0.0,0,2.763777777777778e-20
667.9238636363636,2.85e-21,1,2.810000000000001e-20
669.2733333333333,0.0,0,2.812444444444444e-20
670.636,0.0,0,2.7962222222222215e-20
672.0,0.0,0,2.723111111111112e-20
673.3639999999999,0.0,0,2.895111111111112e-20
674.7266666666667,2.14e-21,1,2.7982222222222226e-20
676.0913333333333,0.0,0,2.8393333333333334e-20
677.4697826086957,0.0,0,2.831739130434782e-20
678.8477777777778,0.0,0,2.844222222222223e-20
680.2280434782609,0.0,0,2.905652173913044e-20
681.6057777777778,2.26e-21,1,2.852444444444444e-20
682.9847826086956,0.0,0,2.8478260869565216e-20
684.3791304347826,0.0,0,2.9017391304347824e-20
685.7719565217392,0.0,0,2.8791304347826096e-20
687.1673913043478,0.0,0,2.8428260869565215e-20
688.5604347826087,2.4600000000000003e-21,1,2.756086956521739e-20
689.954347826087,0.0,0,2.806739130434783e-20
691.3489130434782,0.0,0,2.9036956521739144e-20
692.7568085106383,0.0,0,2.8768085106382973e-20
694.1673913043478,0.0,0,2.9430434782608695e-20
695.5755319148936,2.85e-21,1,2.913191489361702e-20
696.9847826086956,0.0,0,2.8439130434782613e-20
698.3942553191489,0.0,0,2.987446808510639e-20
699.8174468085106,0.0,0,2.9748936170212765e-20
701.2431914893617,0.0,0,2.887659574468084e-20
702.6661702127659,2.68e-21,1,2.963191489361703e-20
704.0912765957445,0.0,0,2.8329787234042554e-20
705.5151063829787,0.0,0,2.891063829787234e-20
706.9391489361703,0.0,0,2.941914893617022e-20
708.3791666666666,0.0,0,2.8872916666666664e-20
709.8174468085106,2.68e-21,1,2.885957446808511e-20
711.2583333333333,0.0,0,2.9785416666666664e-20
712.6963829787235,0.0,0,3.030425531914894e-20
714.1368750000001,0.0,0,3.032291666666667e-20
715.5906250000002,0.0,0,3.02625e-20
717.0456250000001,4.02e-21,0,2.9277083333333334e-20
718.5,0.0,0,2.9093749999999997e-20
719.9543749999999,0.0,0,2.940416666666667e-20
721.4093749999998,0.0,0,2.9785416666666664e-20
722.8783673469388,0.0,0,2.949591836734694e-20
724.3489583333334,2.8899999999999997e-21,0,2.9337500000000005e-20
725.8022916666667,0.0,0,2.9118750000000004e-20
727.2734693877551,0.0,0,2.928979591836735e-20
728.7567346938775,0.0,0,3.0291836734693877e-20
730.2432653061225,0.0,0,3.152040816326531e-20
731.7265306122449,2.9199999999999997e-21,0,2.945510204081633e-20
733.2128571428572,0.0,0,3.067142857142857e-20
734.6963265306123,0.0,0,3.0165306122448976e-20
736.1824489795919,0.0,0,2.983877551020408e-20
737.6661224489795,2.88e-21,0,3.0644897959183676e-20
739.1672000000002,0.0,0,2.9706e-20
740.6661224489795,0.0,0,3.052857142857143e-20
742.1672000000002,0.0,0,2.991400000000001e-20
743.6661224489795,0.0,0,3.041836734693877e-20
745.1672000000002,1.5699999999999999e-21,1,3.0832e-20
746.6812,0.0,0,2.9834e-20
748.1976000000001,0.0,0,3.0104000000000003e-20
749.7114,0.0,0,3.0304e-20
751.2280000000001,0.0,0,2.9666e-20
752.756862745098,9.33e-22,1,3.080588235294117e-20
754.2886,0.0,0,3.0916e-20
755.8176470588236,0.0,0,3.071960784313726e-20
757.3489999999998,0.0,0,3.0623999999999994e-20
758.8784313725491,0.0,0,3.0505882352941175e-20
760.4245098039216,9.41e-22,1,3.0564705882352944e-20
761.9696078431372,0.0,0,3.085490196078431e-20
763.5150980392157,0.0,0,3.07921568627451e-20
765.0607843137254,0.0,0,3.127254901960784e-20
766.6056862745099,7.66e-22,1,3.146862745098039e-20
768.1519607843137,0.0,0,3.176078431372549e-20
769.7113461538461,0.0,0,3.218076923076923e-20
771.2735294117647,0.0,0,3.21843137254902e-20
772.8328846153847,0.0,0,3.166923076923077e-20
774.4094230769231,7.029999999999999e-22,1,3.185384615384615e-20
775.9848076923076,0.0,0,3.1607692307692316e-20
777.545294117647,0.0,0,3.1786274509803926e-20
779.1063461538462,0.0,0,3.291538461538462e-20
780.6962264150943,1.62e-21,0,3.2400000000000004e-20
782.2886538461537,0.0,0,3.115e-20
783.8632692307693,0.0,0,3.145384615384615e-20
785.454716981132,0.0,0,3.262452830188679e-20
787.0455769230771,0.0,0,3.21173076923077e-20
788.6358490566039,1.26e-21,1,3.114716981132076e-20
790.2430188679247,0.0,0,3.22433962264151e-20
791.8481132075473,0.0,0,3.274528301886793e-20
793.454716981132,0.0,0,3.4179245283018867e-20
795.0607547169813,1.0300000000000001e-21,1,3.3505660377358486e-20
796.6660377358492,0.0,0,3.3173584905660377e-20
798.273396226415,0.0,0,3.237924528301887e-20
799.8937037037037,0.0,0,3.301851851851852e-20
801.5150943396226,8.379999999999999e-22,1,3.3475471698113204e-20
803.1366666666668,0.0,0,3.385925925925926e-20
804.7569811320756,0.0,0,3.333207547169811e-20
806.3792592592591,0.0,0,3.371851851851852e-20
808.0151851851851,0.0,0,3.488333333333334e-20
809.650925925926,7.0199999999999995e-22,1,3.3350000000000006e-20
811.2885185185185,0.0,0,3.310555555555555e-20
812.9392727272727,0.0,0,3.3061818181818187e-20
814.5905555555555,0.0,0,3.370555555555556e-20
816.2429090909093,8.52e-22,1,3.3509090909090917e-20
817.8937037037037,0.0,0,3.295925925925926e-20
819.5452727272727,0.0,0,3.2200000000000004e-20
821.2125454545455,0.0,0,3.2716363636363634e-20
822.8785454545455,2.05e-21,1,3.232545454545455e-20
824.5452727272727,0.0,0,3.3561818181818173e-20
826.2125454545455,0.0,0,3.390727272727272e-20
827.8785454545455,0.0,0,3.5965454545454535e-20
829.5452727272727,0.0,0,3.9423636363636366e-20
831.2276785714286,3.6e-21,0,3.465357142857142e-20
832.9241071428571,0.0,0,3.3671428571428577e-20
834.6056363636363,0.0,0,3.3232727272727265e-20
836.2883928571429,0.0,0,3.711607142857143e-20
837.9848214285714,1.4800000000000002e-21,1,6.144285714285714e-20
839.6812499999999,0.0,0,4.654285714285715e-20
841.3792857142856,0.0,0,3.655714285714286e-20
843.0758928571429,0.0,0,3.523392857142857e-20
844.7875438596491,4.83e-21,1,3.359122807017544e-20
846.5,0.0,0,3.420535714285714e-20
848.2124561403509,0.0,0,3.435614035087719e-20
849.939298245614,0.0,0,3.445964912280702e-20
851.6508928571428,7.020000000000002e-21,1,3.4339285714285713e-20
853.3642105263158,0.0,0,3.469824561403509e-20
855.091052631579,0.0,0,3.4752631578947366e-20
856.8331034482758,0.0,0,3.4174137931034485e-20
858.5754385964912,2.97e-21,1,3.6085964912280706e-20
860.3035087719298,0.0,0,4.5266666666666667e-20
862.0455172413793,0.0,0,4.254827586206897e-20
863.7875438596491,0.0,0,3.5429824561403506e-20
865.5301724137931,1.73e-21,1,3.4148275862068966e-20
867.288275862069,0.0,0,3.5396551724137935e-20
869.0455172413793,0.0,0,3.5231034482758616e-20
870.8027586206896,0.0,0,3.561896551724138e-20
872.5603448275862,1.4800000000000002e-21,1,3.4998275862068964e-20
874.3337288135593,0.0,0,3.478813559322034e-20
876.1062068965518,0.0,0,3.498620689655173e-20
877.8786440677966,0.0,0,3.5288135593220327e-20
879.6510344827585,1.3300000000000001e-21,1,3.5712068965517247e-20
881.4245762711863,0.0,0,3.4154237288135603e-20
883.2123728813558,0.0,0,3.5410169491525423e-20
884.9999999999999,0.0,0,3.738135593220339e-20
886.787627118644,1.2500000000000001e-21,1,3.6084745762711853e-20
888.5754237288135,0.0,0,3.562881355932203e-20
890.3791666666665,0.0,0,3.630166666666667e-20
892.182033898305,0.0,0,3.726610169491525e-20
893.9848333333333,8.569999999999999e-22,1,3.651833333333334e-20
895.8028333333332,0.0,0,3.603833333333333e-20
897.605593220339,0.0,0,3.738135593220339e-20
899.4095,0.0,0,3.707166666666666e-20
901.2274999999998,9.74e-22,0,3.7284999999999997e-20
903.060655737705,0.0,0,3.700163934426229e-20
904.8938333333333,0.0,0,3.6520000000000006e-20
906.7118333333333,0.0,0,3.6925e-20
908.5452459016393,6.82e-21,0,3.740819672131148e-20
910.394262295082,0.0,0,3.647868852459017e-20
912.2426229508196,0.0,0,3.5562295081967206e-20
914.0758333333334,0.0,0,3.6195e-20
915.924193548387,1.0199999999999999e-21,0,3.535645161290324e-20
917.7877049180327,0.0,0,3.6339344262295083e-20
919.6360655737705,0.0,0,3.6419672131147546e-20
921.484918032787,0.0,0,3.545737704918034e-20
923.3487096774193,3.72e-21,0,3.6109677419354844e-20
925.2274193548387,0.0,0,3.771451612903226e-20
927.0909836065574,0.0,0,3.7763934426229505e-20
928.9545161290323,0.0,0,3.730483870967743e-20
930.8332258064515,9.42e-22,0,3.702096774193548e-20
932.7271428571428,0.0,0,3.644444444444444e-20
934.6209677419355,0.0,0,3.710322580645162e-20
936.5000000000001,3.84e-21,0,3.700322580645161e-20
938.394126984127,0.0,0,3.597619047619048e-20
940.3031746031746,0.0,0,3.693174603174605e-20
942.1970967741935,0.0,0,3.5822580645161287e-20
944.0909523809524,3.68e-21,0,3.6755555555555555e-20
946.0000000000001,0.0,0,3.6436507936507954e-20
947.9090476190476,0.0,0,3.6807936507936514e-20
949.83328125,0.0,0,3.6892187499999995e-20
951.7574603174602,3.48e-21,0,3.8425396825396835e-20
953.6817187500001,0.0,0,3.72125e-20
955.605873015873,0.0,0,3.748253968253968e-20
957.53015625,0.0,0,3.75953125e-20
959.46984375,0.0,0,3.72359375e-20
961.40921875,0.0,0,3.6785937500000004e-20
963.34859375,0.0,0,3.77171875e-20
965.3030769230768,3.97e-21,0,3.7904615384615376e-20
967.25765625,0.0,0,3.76609375e-20
969.2121538461539,0.0,0,3.8444615384615377e-20
971.16671875,0.0,0,3.7373437500000005e-20
973.1212307692308,1.2200000000000001e-21,0,3.760923076923077e-20
975.090923076923,0.0,0,3.8764615384615385e-20
977.0606153846154,0.0,0,3.915384615384615e-20
979.0454545454545,4.1e-21,0,3.855e-20
981.0303076923077,0.0,0,3.952769230769231e-20
983.0,0.0,0,4.059076923076923e-20
984.9848484848485,0.0,0,3.9739393939393946e-20
986.9848484848485,0.0,0,3.846666666666666e-20
988.9848484848485,0.0,0,3.928636363636364e-20
990.9848484848485,0.0,0,4.0621212121212116e-20
992.9848484848485,0.0,0,4.0156060606060605e-20
994.9848484848485,4.04e-21,0,3.9827272727272734e-20
997.0,0.0,0,7.175970149253731e-20
999.0151515151515,0.0,0,8.666060606060608e-19
1001.0302985074627,0.0,0,7.377791044776119e-19
1003.0605970149253,0.0,0,4.202985074626866e-20
1005.0757575757576,0.0,0,4.0469696969696974e-20
1007.1060294117646,0.0,0,4.158970588235294e-20
1009.1514925373134,0.0,0,4.138059701492537e-20
1011.1817910447758,0.0,0,4.593731343283582e-20
1013.2272058823529,0.0,0,4.076470588235293e-20
1015.2726865671644,1.4000000000000002e-21,0,3.955373134328358e-20
1017.3180882352942,0.0,0,4.0902941176470585e-20
1019.3786764705883,0.0,0,4.1189705882352953e-20
1021.4392647058822,1.84e-21,0,4.0305882352941176e-20
1023.5,0.0,0,4.079411764705883e-20
1025.5607352941176,0.0,0,4.032352941176471e-20
1027.6365217391303,0.0,0,3.9313043478260874e-20
1029.712205882353,1.78e-21,0,4.0264705882352947e-20
1031.7879710144928,0.0,0,4.0308695652173905e-20
1033.8788405797104,0.0,0,4.037681159420289e-20
1035.9697101449276,6.18e-21,0,4.083478260869564e-20
1038.0605797101448,0.0,0,4.042608695652174e-20
1040.1514492753618,0.0,0,4.123768115942029e-20
1042.2574285714286,0.0,0,4.121285714285715e-20
1044.3634782608697,4.33e-21,0,4.0556521739130436e-20
1046.4695714285713,0.0,0,4.1558571428571425e-20
1048.5911428571428,0.0,0,4.166571428571429e-20
1050.7122857142856,2.0600000000000002e-21,0,4.045857142857143e-20
1052.8334285714288,0.0,0,4.1268571428571427e-20
1054.9545714285716,0.0,0,4.1324285714285715e-20
1057.0757142857142,2.02e-21,0,4.248142857142857e-20
1059.211971830986,0.0,0,4.2307042253521134e-20
1061.3482857142858,0.0,0,4.078e-20
1063.4847887323942,0.0,0,4.075070422535211e-20
1065.63661971831,5.11e-21,0,4.1994366197183095e-20
1067.788028169014,0.0,0,4.1246478873239434e-20
1069.9394366197187,0.0,0,4.281126760563381e-20
1072.1059722222221,4.71e-21,0,4.29625e-20
1074.2725352112677,0.0,0,4.295915492957748e-20
1076.4391666666666,0.0,0,4.16875e-20
1078.6215277777778,4.73e-21,0,4.2584722222222224e-20
1080.8031944444444,0.0,0,4.393611111111111e-20
1082.984861111111,0.0,0,5.881805555555556e-20
1085.1665277777777,0.0,0,4.9598611111111116e-20
1087.3481944444443,5.0000000000000005e-21,0,4.3090277777777773e-20
1089.545616438356,0.0,0,4.3880821917808216e-20
1091.742638888889,0.0,0,4.276666666666667e-20
1093.9394520547946,2.49e-21,0,4.3153424657534246e-20
1096.1513698630138,0.0,0,4.31958904109589e-20
1098.3632876712327,0.0,0,4.362739726027397e-20
1100.5760273972603,4.69e-21,0,4.453287671232877e-20
1102.8032432432435,0.0,0,4.36972972972973e-20
1105.0302739726026,0.0,0,4.4421917808219183e-20
1107.257297297297,2.5300000000000003e-21,0,4.3852702702702705e-20
1109.5,0.0,0,4.376351351351351e-20
1111.742702702703,0.0,0,4.444054054054054e-20
1113.984864864865,2.6e-21,0,4.5963513513513513e-20
1116.2270270270271,0.0,0,4.4698648648648644e-20
1118.4848,0.0,0,4.579066666666667e-20
1120.742702702703,6.06e-21,0,4.413783783783784e-20
1123.0,0.0,0,4.417333333333333e-20
1125.2723999999998,0.0,0,4.419333333333334e-20
1127.5456,0.0,0,4.3505333333333333e-20
1129.8184000000003,4.48e-21,0,4.31e-20
1132.0907999999997,0.0,0,4.4554666666666664e-20
1134.3784210526314,0.0,0,4.5198684210526315e-20
1136.6670666666664,2.8999999999999996e-21,0,4.4818666666666675e-20
1138.9546052631579,0.0,0,4.4038157894736846e-20
1141.2572368421054,0.0,0,4.453289473684211e-20
1143.560789473684,4.529999999999999e-21,0,4.751842105263159e-20
1145.8638157894738,0.0,0,4.5460526315789477e-20
1148.1815584415585,0.0,0,4.485324675324675e-20
1150.5,3.91e-21,0,4.495131578947369e-20
1152.8184415584417,0.0,0,6.772597402597403e-20
1155.1512987012989,0.0,0,4.6864935064935066e-20
1157.4848051948052,2.68e-21,0,4.53025974025974e-20
1159.8184415584417,0.0,0,4.7420779220779206e-20
1162.1512987012989,0.0,0,4.565714285714285e-20
1164.5,2.43e-21,0,4.3553846153846146e-20
1166.8487012987016,0.0,0,4.615714285714286e-20
1169.1966666666667,0.0,0,4.6344871794871794e-20
1171.5607692307692,2.4600000000000003e-21,0,4.692307692307693e-20
1173.924358974359,0.0,0,4.610384615384616e-20
1176.287435897436,0.0,0,4.6138461538461544e-20
1178.667088607595,2.68e-21,0,4.577721518987342e-20
1181.0453846153846,0.0,0,4.54051282051282e-20
1183.4240506329113,0.0,0,4.6840506329113936e-20
1185.8184810126586,3.71e-21,0,4.720506329113923e-20
1188.211772151899,0.0,0,4.774050632911393e-20
1190.6063291139237,0.0,0,4.659493670886076e-20
1192.9999999999998,4.71e-21,0,4.664177215189873e-20
1195.408875,0.0,0,4.833875e-20
1197.8184810126586,0.0,0,4.766835443037976e-20
1200.2268749999998,0.0,0,4.852625e-20
1202.651875,0.0,0,4.7066249999999996e-20
1205.0756250000002,0.0,0,4.762124999999999e-20
1207.5151851851851,3.1000000000000002e-21,0,4.7272839506172837e-20
1209.954625,0.0,0,4.804750000000001e-20
1212.3937037037037,0.0,0,4.9866666666666657e-20
1214.833625,3.6200000000000004e-21,0,4.927375000000001e-20
1217.2722222222224,0.0,0,4.8687654320987646e-20
1219.7277777777776,0.0,0,4.648641975308642e-20
1222.1965853658537,4.3e-21,0,4.644390243902439e-20
1224.667037037037,0.0,0,4.7207407407407405e-20
1227.1360975609757,3.3299999999999997e-21,0,4.607926829268294e-20
1229.6062962962963,0.0,0,4.733827160493826e-20
1232.0756097560977,0.0,0,4.840853658536585e-20
1234.5607317073168,7.65e-21,0,4.712926829268293e-20
1237.060481927711,0.0,0,4.9457831325301206e-20
1239.5607317073168,0.0,0,4.769146341463414e-20
1242.060481927711,3.7499999999999996e-21,0,4.9669879518072295e-20
1244.5607317073168,0.0,0,4.915243902439025e-20
1247.060481927711,0.0,0,4.8167469879518073e-20
1249.5759036144577,3.63e-21,0,5.0420481927710843e-20
1252.1058333333335,0.0,0,4.8588095238095235e-20
1254.6366265060242,0.0,0,4.876144578313252e-20
1257.1663095238096,3.6999999999999995e-21,0,4.788095238095237e-20
1259.6973493975904,0.0,0,4.855180722891567e-20
1262.2267857142856,0.0,0,4.845357142857144e-20
1264.7732142857142,4.83e-21,0,5.0095238095238086e-20
1267.3178571428573,0.0,0,4.9847619047619054e-20
1269.8790588235292,4.5699999999999996e-21,0,5.0123529411764703e-20
1272.4392857142857,0.0,0,4.8242857142857133e-20
1275.0000000000002,0.0,0,5.0334117647058825e-20
1277.575882352941,6.52e-21,0,5.0555294117647057e-20
1280.1511764705886,0.0,0,4.9489411764705897e-20
1282.7276470588235,0.0,0,5.0452941176470595e-20
1285.317906976744,4.420000000000001e-21,0,5.014883720930233e-20
1287.9092941176468,0.0,0,5.023058823529412e-20
1290.4999999999998,0.0,0,5.0637209302325585e-20
1293.1058139534885,4.73e-21,0,5.138953488372093e-20
1295.7124418604653,0.0,0,5.093837209302325e-20
1298.317906976744,0.0,0,5.0770930232558133e-20
1300.9395402298849,0.0,0,5.043448275862068e-20
1303.5758620689653,0.0,0,5.07896551724138e-20
1306.1965116279068,6.08e-21,0,5.035813953488372e-20
1308.818620689655,0.0,0,5.0041379310344813e-20
1311.4544827586205,0.0,0,5.1040229885057473e-20
1314.1057954545454,0.0,0,5.317386363636364e-20
1316.7579310344827,0.0,0,5.140114942528736e-20
1319.4089772727273,0.0,0,5.0711363636363634e-20
1322.0755681818182,0.0,0,5.231136363636363e-20
1324.7427272727273,0.0,0,5.231022727272728e-20
1327.4089772727273,4.39e-21,0,5.2268181818181813e-20
1330.0755681818182,0.0,0,5.1609090909090916e-20
1332.7578651685392,0.0,0,5.1429213483146065e-20
1335.4544943820224,5.859999999999999e-21,0,5.1079775280898884e-20
1338.1360227272728,0.0,0,5.2601136363636366e-20
1340.8336666666667,6.12e-21,0,5.175888888888889e-20
1343.5455056179778,0.0,0,5.1774157303370784e-20
1346.2421348314608,0.0,0,5.2371910112359564e-20
1348.9546666666668,5.6499999999999995e-21,0,5.150444444444444e-20
1351.682,0.0,0,5.179111111111111e-20
1354.4089999999999,0.0,0,5.263666666666668e-20
1357.136,5.12e-21,0,5.288111111111112e-20
1359.864,0.0,0,5.302666666666667e-20
1362.6061538461538,4.41e-21,0,5.446483516483516e-20
1365.3483333333334,0.0,0,5.350000000000001e-20
1368.0906593406594,0.0,0,5.247142857142857e-20
1370.848791208791,4.24e-21,0,5.258681318681319e-20
1373.6061538461538,0.0,0,5.3621978021978036e-20
1376.3786956521737,5.429999999999998e-21,0,5.328695652173914e-20
1379.1664130434783,0.0,0,5.332065217391305e-20
1381.9395604395606,0.0,0,5.348681318681319e-20
1384.7122826086957,4.1200000000000005e-21,0,5.403913043478261e-20
1387.5000000000002,0.0,0,5.45195652173913e-20
1390.3029032258064,4.49e-21,0,5.3520430107526886e-20
1393.105760869565,0.0,0,5.282717391304348e-20
1395.9093548387098,0.0,0,5.401505376344085e-20
1398.7274193548387,6.0299999999999995e-21,0,5.512795698924732e-20
1401.545483870968,0.0,0,5.314946236559139e-20
1404.3635483870967,0.0,0,5.515913978494623e-20
1407.1968085106382,4.5099999999999996e-21,0,5.544255319148938e-20
1410.0302150537636,0.0,0,5.540645161290323e-20
1412.863829787234,5.060000000000001e-21,0,5.547553191489361e-20
1415.712234042553,0.0,0,5.482127659574467e-20
1418.5606382978724,0.0,0,5.587021276595745e-20
1421.4242105263156,4.3600000000000006e-21,0,5.605684210526317e-20
1424.287765957447,0.0,0,5.432553191489361e-20
1427.1513684210524,5.12e-21,0,5.622842105263156e-20
1430.0302105263163,0.0,0,5.654105263157894e-20
1432.9092631578942,4.1999999999999995e-21,0,5.682947368421052e-20
1435.8031249999997,0.0,0,5.537083333333333e-20
1438.697052631579,0.0,0,5.306631578947368e-20
1441.5909375,1.76e-21,0,5.621354166666666e-20
1444.5,0.0,0,5.651770833333333e-20
1447.4090625,6.39e-21,0,5.707187499999999e-20
1450.3181250000005,0.0,0,5.589479166666667e-20
1453.242371134021,0.0,0,5.55556701030928e-20
1456.1665625000003,0.0,0,5.696770833333332e-20
1459.090824742268,0.0,0,7.987010309278352e-20
1462.0302061855673,0.0,0,5.04618556701031e-19
1464.9848979591839,0.0,0,1.9688775510204081e-19
1467.9394845360825,0.0,0,5.587525773195876e-19
1470.8939795918363,0.0,0,8.405204081632652e-19
1473.8485567010307,0.0,0,4.429886597938144e-19
1476.8181818181815,0.0,0,5.674949494949494e-20
1479.8030612244895,0.0,0,8.277755102040816e-20
1482.7727551020407,0.0,0,1.4135000000000002e-19
1485.7575757575755,0.0,0,5.871616161616162e-20
1488.7575757575755,0.0,0,5.828686868686869e-20
1491.7575757575758,9.77e-21,0,1.2141313131313134e-19
1494.7575757575758,0.0,0,2.1398282828282823e-19
1497.7575757575758,4.75e-20,0,2.0327272727272725e-19
1500.7727,0.0,0,1.6877700000000008e-19
1503.8029999999997,4.25e-21,0,5.8276e-20
1506.8332999999996,0.0,0,5.7868e-20
1509.8635999999992,0.0,0,5.736599999999999e-20
1512.8938999999998,4.1700000000000006e-21,0,5.9451e-20
1515.939306930693,0.0,0,5.966237623762376e-20
1519.0000000000002,4.39e-21,0,5.932079207920791e-20
1522.0606930693066,0.0,0,6.023267326732671e-20
1525.1212871287125,4.35e-21,0,5.953267326732674e-20
1528.1970588235297,0.0,0,5.923529411764705e-20
1531.2727722772286,0.0,0,5.882574257425743e-20
1534.3485294117652,4.0799999999999994e-21,0,5.761862745098039e-20
1537.4394117647062,0.0,0,5.904117647058824e-20
1540.530294117647,4.77e-21,0,5.970098039215687e-20
1543.6363106796114,0.0,0,5.981165048543689e-20
1546.7423529411763,0.0,0,6.029313725490195e-20
1549.8483495145626,0.0,0,6.06747572815534e-20
1552.9696116504854,0.0,0,5.993495145631068e-20
1556.1062499999998,4.99e-21,0,5.980576923076922e-20
1559.2425242718452,0.0,0,5.946019417475729e-20
1562.3788461538463,5.02e-21,0,6.005096153846154e-20
1565.5302884615385,0.0,0,6.12298076923077e-20
1568.6817307692306,5.69e-21,0,6.005288461538461e-20
1571.833173076923,0.0,0,6.105192307692307e-20
1574.9999999999998,4.6999999999999995e-21,0,5.989428571428572e-20
1578.166826923077,0.0,0,5.985673076923077e-20
1581.3334285714286,0.0,0,5.968e-20
1584.5151428571428,4.46e-21,0,5.983142857142857e-20
1587.7119811320752,0.0,0,6.155377358490567e-20
1590.9088571428574,5.73e-21,0,6.051428571428571e-20
1594.1063207547172,0.0,0,6.224056603773585e-20
1597.3183018867926,4.9400000000000004e-21,0,6.253490566037736e-20
1600.5302830188677,0.0,0,6.175377358490566e-20
1603.7573831775696,5.75e-21,0,6.111495327102804e-20
1606.9848113207543,0.0,0,6.311792452830188e-20
1610.2123364485983,4.96e-21,0,6.013084112149532e-20
1613.4545794392523,0.0,0,6.045514018691589e-20
1616.711944444444,0.0,0,6.434537037037038e-20
1619.969626168224,0.0,0,6.365327102803739e-20
1623.2275000000004,0.0,0,6.395277777777779e-20
1626.5,5.07e-21,0,6.131851851851851e-20
1629.7724999999996,0.0,0,6.339351851851852e-20
1633.0455555555554,4.77e-21,0,6.131203703703702e-20
1636.3334862385325,0.0,0,6.198715596330277e-20
1639.6211111111106,7.020000000000002e-21,0,6.320277777777777e-20
1642.908899082569,0.0,0,6.304311926605504e-20
1646.2275454545459,8.68e-21,0,6.204000000000002e-20
1649.5454128440365,0.0,0,6.281376146788989e-20
1652.8633636363638,5.45e-21,0,6.242454545454543e-20
1656.197272727273,0.0,0,6.306181818181819e-20
1659.5302727272726,0.0,0,6.316090909090908e-20
1662.8633636363638,5.489999999999999e-21,0,6.464454545454547e-20
1666.212432432433,0.0,0,6.388288288288289e-20
1669.5605454545453,5.47e-21,0,6.433545454545453e-20
1672.908918918919,0.0,0,6.387387387387386e-20
1676.2729729729733,5.5299999999999994e-21,0,6.512612612612611e-20
1679.6513392857144,0.0,0,6.440357142857144e-20
1683.0455357142857,5.2500000000000005e-21,0,6.276339285714284e-20
1686.4243243243243,0.0,0,6.456486486486488e-20
1689.8026785714287,7.06e-21,0,6.599732142857142e-20
1693.2124778761063,0.0,0,6.653628318584071e-20
1696.6210714285714,5.7e-21,0,6.49794642857143e-20
1700.030353982301,0.0,0,6.530973451327433e-20
1703.4546017699115,5.2600000000000004e-21,0,6.639823008849556e-20
1706.8785840707965,0.0,0,6.608407079646016e-20
1710.3184210526317,5.920000000000001e-21,0,6.511052631578947e-20
1713.7572566371682,0.0,0,6.583716814159293e-20
1717.1972807017546,5.600000000000001e-21,0,6.471140350877193e-20
1720.6513157894735,0.0,0,6.43517543859649e-20
1724.121391304348,5.7799999999999994e-21,0,6.544608695652172e-20
1727.590789473684,0.0,0,6.748771929824563e-20
1731.0606956521742,5.6200000000000006e-21,0,6.560260869565217e-20
1734.5453913043475,0.0,0,6.605826086956522e-20
1738.030347826087,5.859999999999999e-21,0,6.548260869565218e-20
1741.5302586206892,0.0,0,6.726982758620691e-20
1745.0455172413795,6.06e-21,0,6.721034482758621e-20
1748.5605172413789,0.0,0,6.790258620689655e-20
1752.075862068966,6.4400000000000006e-21,0,6.784482758620689e-20
1755.5907758620688,0.0,0,6.705172413793104e-20
1759.1213675213678,5.85e-21,0,6.893846153846155e-20
1762.66641025641,0.0,0,6.809572649572648e-20
1766.2123931623935,5.9699999999999994e-21,0,6.726239316239316e-20
1769.7572649572653,0.0,0,6.702905982905982e-20
1773.318474576271,6.39e-21,0,6.652457627118643e-20
1776.893813559322,0.0,0,6.839322033898302e-20
1780.4697457627115,6.92e-21,0,6.917542372881358e-20
1784.0455084745768,0.0,0,6.710169491525425e-20
1787.6361344537813,6.3399999999999995e-21,0,6.748739495798321e-20
1791.2275423728815,0.0,0,6.711355932203389e-20
1794.817983193277,6.12e-21,0,6.956134453781513e-20
1798.4395,0.0,0,6.787166666666667e-20
1802.060672268908,6.430000000000001e-21,0,6.91798319327731e-20
1805.6815,0.0,0,6.837250000000001e-20
1809.3184999999999,6.2600000000000005e-21,0,6.900999999999998e-20
1812.9544999999998,0.0,0,6.911166666666666e-20
1816.59075,6.87e-21,0,6.947749999999999e-20
1820.242644628099,0.0,0,7.016198347107438e-20
1823.909008264463,6.850000000000002e-21,0,6.951570247933884e-20
1827.575619834711,0.0,0,6.9700826446281e-20
1831.2577868852457,6.87e-21,0,6.960245901639344e-20
1834.939338842975,0.0,0,6.925206611570247e-20
1838.6209836065577,7.09e-21,0,6.990000000000001e-20
1842.3184426229507,0.0,0,6.953524590163935e-20
1846.030325203252,6.949999999999999e-21,0,7.013739837398375e-20
1849.7422131147537,0.0,0,7.019180327868853e-20
1853.454634146341,6.82e-21,0,7.179186991869919e-20
1857.1819512195123,0.0,0,7.164065040650404e-20
1860.9241935483874,0.0,0,7.15991935483871e-20
1864.6664227642277,0.0,0,7.205528455284553e-20
1868.409274193548,6.82e-21,0,7.236854838709677e-20
1872.1667741935482,0.0,0,7.013709677419356e-20
1875.9393600000003,6.65e-21,0,7.198479999999999e-20
1879.711935483871,7.290000000000001e-21,0,7.081048387096773e-20
1883.4848799999995,0.0,0,7.025520000000001e-20
1887.2728799999998,6.999999999999999e-21,0,7.271679999999997e-20
1891.0757936507937,0.0,0,7.209603174603174e-20
1894.8787200000002,6.790000000000001e-21,0,7.45088e-20
1898.6816666666668,0.0,0,7.15595238095238e-20
1902.4999999999995,7.32e-21,0,7.186190476190477e-20
1906.3334645669288,0.0,0,7.303464566929134e-20
1910.1667460317458,7.329999999999999e-21,0,7.321904761904763e-20
1914.0000000000005,0.0,0,7.389763779527559e-20
1917.8484251968507,0.0,0,7.371811023622049e-20
1921.71203125,0.0,0,9.330000000000002e-20
1925.5755905511812,0.0,0,9.454881889763782e-20
1929.43953125,0.0,0,1.1275390625e-19
1933.31828125,0.0,0,1.1859453125e-19
1937.2121705426355,1.3899999999999998e-20,0,1.208124031007752e-19
1941.10609375,0.0,0,1.5486640625e-19
1945.0,0.0,0,7.504806201550387e-20
1948.9090697674417,0.0,0,7.5484496124031e-20
1952.8333076923075,0.0,0,8.723692307692308e-20
1956.7726923076923,0.0,0,9.597153846153845e-20
1960.6968992248064,0.0,0,9.144341085271316e-20
1964.6363358778624,0.0,0,7.712137404580153e-20
1968.590846153846,0.0,0,9.747153846153844e-20
1972.545419847328,0.0,0,8.105877862595418e-20
1976.5151145038167,0.0,0,9.04824427480916e-20
1980.4848854961833,0.0,0,1.0745572519083968e-19
1984.469696969697,0.0,0,7.678257575757577e-20
1988.4545801526717,7.720000000000001e-21,0,7.691603053435113e-20
1992.439393939394,0.0,0,7.508030303030303e-20
1996.454511278196,8.100000000000001e-21,0,7.656165413533834e-20
2000.469696969697,0.0,0,7.817651515151516e-20
2004.4848120300755,0.0,0,7.615187969924812e-20
2008.515187969925,0.0,0,7.604962406015038e-20
2012.560671641791,0.0,0,7.750373134328357e-20
2016.6060902255638,0.0,0,7.620676691729326e-20
2020.6515671641787,0.0,0,7.643955223880599e-20
2024.7121641791048,0.0,0,7.688582089552238e-20
2028.7879259259269,0.0,0,7.793703703703704e-20
2032.8636567164183,0.0,0,7.684776119402985e-20
2036.9394074074075,4.25e-21,0,7.677037037037038e-20
2041.0454411764706,0.0,0,7.575808823529412e-20
2045.1514814814811,0.0,0,7.641333333333334e-20
2047.591153846154,0.0,0,7.585384615384614e-20
