frequency,amb,flag,darm
5.0,3.02e-14,0,3.52e-14
5.1,2.71e-14,0,3.22e-14
5.2,1.39e-14,0,2.73e-14
5.3,1.2e-14,0,2.03e-14
5.4,8.72e-15,0,1.61e-14
5.5,9.26e-15,0,1.36e-14
5.6,6.570000000000001e-15,0,1.03e-14
5.7,4.9100000000000005e-15,0,9.540000000000001e-15
5.8,4.4e-15,0,5.979999999999999e-15
5.9,3.1e-15,0,6.2700000000000005e-15
6.0,2.05e-15,0,4.64e-15
6.1,1.1199999999999999e-15,0,3.69e-15
6.2,8.19e-16,0,3.5899999999999996e-15
6.3,5.58e-16,0,3.2799999999999997e-15
6.4,1.3900000000000001e-15,0,2.82e-15
6.5,1.1099999999999999e-15,0,2.49e-15
6.6,1.03e-15,0,1.79e-15
6.7,6.7e-16,0,1.82e-15
6.8,4.2699999999999994e-16,0,1.27e-15
6.9,3.88e-16,0,1.1699999999999999e-15
7.0,3.54e-16,0,9.22e-16
7.1,2.34e-16,0,8.94e-16
7.2,2.8700000000000003e-16,0,7.93e-16
7.3,1.91e-16,0,5.849999999999999e-16
7.4,1.75e-16,0,5.64e-16
7.5,1.68e-16,0,6.110000000000001e-16
7.6,1.67e-16,0,4.3e-16
7.7,1.95e-16,0,3.5e-16
7.8,6.110000000000001e-16,0,3.41e-16
7.9,1.5099999999999999e-15,0,3.34e-16
8.0,1.7300000000000001e-15,0,2.91e-16
8.149999999999999,1.4650000000000001e-16,0,2.76e-16
8.3,6.16e-17,0,2.51e-16
8.4,4.88e-17,0,1.95e-16
8.5,5.55e-17,0,2.1899999999999998e-16
8.6,4.45e-17,0,2.1e-16
8.7,8.070000000000001e-17,0,1.84e-16
8.8,7.01e-17,0,1.8600000000000001e-16
8.9,5.71e-17,0,1.6599999999999999e-16
9.0,4.06e-17,0,1.67e-16
9.1,3.95e-17,0,1.6e-16
9.2,3.5299999999999996e-17,0,1.46e-16
9.3,3.34e-17,0,1.47e-16
9.4,8.75e-17,0,1.73e-16
9.55,5.9e-17,0,1.865e-16
9.7,2.1e-17,0,1.3999999999999998e-16
9.8,3.74e-17,1,1.85e-16
9.9,3.2299999999999996e-17,0,1.3600000000000002e-16
10.0,2.81e-17,0,1.07e-16
10.1,1.4300000000000002e-17,0,8.809999999999999e-17
10.2,1.65e-17,0,9.47e-17
10.3,1.4000000000000003e-17,0,7.879999999999999e-17
10.4,1.5e-17,0,6.78e-17
10.5,1.07e-17,0,6.39e-17
10.649999999999999,1.106e-17,0,5.93e-17
10.8,5.58e-18,0,5.08e-17
10.9,6.49e-18,0,4.6200000000000004e-17
11.0,4.51e-18,0,3.8e-17
11.1,3.22e-18,0,2.96e-17
11.2,4.2799999999999996e-18,0,2.8600000000000005e-17
11.3,5.89e-18,0,2.22e-17
11.4,4.1599999999999994e-18,0,2.44e-17
11.55,2.74e-18,0,2.0100000000000002e-17
11.7,4e-18,0,1.79e-17
11.8,2.13e-18,0,1.6e-17
11.9,2.2700000000000002e-18,0,1.32e-17
12.0,3.3e-18,0,1.2e-17
12.1,2.86e-18,0,1.17e-17
12.2,2.81e-18,0,1.21e-17
12.350000000000001,2.381e-18,1,1.02e-17
12.5,1.74e-18,1,7.56e-18
12.6,2.1499999999999997e-18,0,7.07e-18
12.7,1.95e-18,0,7.11e-18
12.8,1.84e-18,0,7.29e-18
12.9,1.4699999999999999e-18,0,6.98e-18
13.0,1.9e-18,0,5.81e-18
13.149999999999999,1.5399999999999999e-18,0,5.52e-18
13.3,1.7600000000000003e-18,0,4.94e-18
13.4,1.38e-18,0,3.94e-18
13.5,1.22e-18,0,4.53e-18
13.6,0.0,0,7.080000000000001e-18
13.75,0.0,0,1.845e-17
13.9,0.0,0,2.7500000000000003e-17
14.0,0.0,0,2.03e-17
14.1,0.0,0,8.53e-18
14.2,0.0,0,7.12e-18
14.3,0.0,0,8.55e-18
14.45,1.08e-19,1,6.52e-18
14.6,1.26e-19,1,4.42e-18
14.7,1.33e-19,1,4.06e-18
14.8,1.4599999999999998e-19,1,3.92e-18
14.9,1.79e-19,1,3.9600000000000005e-18
15.05,2.0399999999999996e-19,1,3.63e-18
15.2,0.0,0,3.3300000000000004e-18
15.3,0.0,0,3.3500000000000003e-18
15.4,0.0,0,1.5e-16
15.5,0.0,0,4.37e-16
15.649999999999999,0.0,0,2.845e-16
15.8,0.0,0,2.45e-18
15.9,0.0,0,2.35e-18
16.0,0.0,0,2.54e-18
16.15,0.0,0,6.380000000000001e-17
16.3,0.0,0,3.63e-16
16.4,0.0,0,3.56e-16
16.5,0.0,0,1.17e-16
16.6,0.0,0,1.9e-18
16.75,0.0,0,1.89e-18
16.9,0.0,0,1.02e-16
17.0,0.0,0,2.98e-16
17.1,0.0,0,2.94e-16
17.25,0.0,0,4.9465e-17
17.4,0.0,0,1.17e-16
17.5,0.0,0,3.44e-16
17.6,0.0,0,3.3799999999999997e-16
17.75,0.0,0,5.991e-17
17.9,0.0,0,2.13e-18
18.0,0.0,0,1.2e-18
18.1,0.0,0,1.52e-18
18.25,0.0,0,3.05e-18
18.4,0.0,0,2.93e-18
18.5,2.1e-19,1,1.53e-18
18.65,2.0200000000000001e-19,1,1.05e-18
18.8,2.8500000000000002e-19,1,1.06e-18
18.9,1.22e-19,1,9.179999999999999e-19
19.0,8.91e-20,1,7.34e-19
19.15,9.745000000000001e-20,1,8.31e-19
19.3,5.599999999999999e-20,1,1.05e-18
19.4,1.09e-19,1,1.21e-18
19.55,6.190000000000001e-20,1,1.17e-18
19.7,4.6e-20,1,1.39e-18
19.8,4.4299999999999996e-20,1,1.56e-18
19.9,6.05e-19,0,2.17e-18
20.05,1.3999999999999999e-18,0,5.6350000000000004e-18
20.2,0.0,0,3.4000000000000004e-18
20.3,0.0,0,1.45e-18
20.45,0.0,0,1.235e-18
20.6,0.0,0,2.0899999999999997e-18
20.7,0.0,0,3.62e-18
20.85,0.0,0,2.39e-18
21.0,0.0,0,9.07e-19
21.1,0.0,0,6.370000000000001e-19
21.25,0.0,0,5.519999999999999e-19
21.4,0.0,0,6.329999999999999e-19
21.5,0.0,0,5.370000000000001e-19
21.65,0.0,0,1.4825e-18
21.8,0.0,0,6.1899999999999994e-18
21.9,0.0,0,6.13e-18
22.05,0.0,0,4.220000000000001e-18
22.2,0.0,0,2.42e-18
22.3,0.0,0,7.240000000000001e-19
22.45,1.39e-19,0,4.455e-19
22.6,9.84e-20,0,3.59e-19
22.7,1.14e-19,0,3.39e-19
22.85,8.915e-20,0,3.4999999999999997e-19
23.0,1.05e-19,0,3.3999999999999997e-19
23.1,1.33e-19,0,3.59e-19
23.25,1.335e-19,0,3.3399999999999997e-19
23.4,1.36e-19,0,3.0100000000000003e-19
23.5,1.38e-19,0,3.21e-19
23.65,1.355e-19,0,3.515e-19
23.8,1.58e-19,0,3.27e-19
23.95,1.4250000000000001e-19,0,3.3750000000000003e-19
24.1,6.26e-20,1,2.76e-19
24.2,4.9600000000000004e-20,1,2.5e-19
24.35,4.025e-20,1,2.565e-19
24.5,4.6299999999999996e-20,1,2.62e-19
24.65,7.270000000000001e-20,1,2.5299999999999997e-19
24.8,6.68e-20,1,2.38e-19
24.9,7.099999999999999e-20,1,2.27e-19
25.05,6.105e-20,1,2.405e-19
25.2,5.0299999999999997e-20,1,2.0800000000000002e-19
25.35,4.27e-20,1,2.35e-19
25.5,4.07e-20,1,2.28e-19
25.6,2.94e-20,1,2.0699999999999999e-19
25.75,2.2750000000000003e-20,1,1.9050000000000002e-19
25.9,1.17e-20,1,1.82e-19
26.05,1.775e-20,1,1.9350000000000002e-19
26.2,2.7500000000000004e-20,1,2.1100000000000002e-19
26.3,2.3e-20,1,1.7699999999999998e-19
26.45,1.8599999999999998e-20,1,1.465e-19
26.6,2.31e-20,1,1.7699999999999998e-19
26.75,1.645e-20,1,1.63e-19
26.9,2.2599999999999998e-20,1,1.7399999999999997e-19
27.05,4.34e-20,1,1.69e-19
27.2,2.19e-20,1,1.6899999999999998e-19
27.35,4.82e-20,1,2.1550000000000003e-19
27.5,0.0,0,2.33e-19
27.6,0.0,0,2.18e-19
27.75,0.0,0,1.9e-19
27.9,0.0,0,1.49e-19
28.05,5.99e-21,1,1.74e-19
28.2,5.08e-20,1,2.9100000000000003e-19
28.35,9.84e-21,1,2.265e-19
28.5,1.1599999999999998e-20,1,1.58e-19
28.65,9.089999999999999e-21,1,1.45e-19
28.8,8.909999999999998e-21,1,1.49e-19
28.95,6.715e-21,1,1.4399999999999997e-19
29.1,6.7000000000000005e-21,1,1.2900000000000002e-19
29.25,1.0215e-20,1,1.45e-19
29.4,7.8e-21,1,1.5e-19
29.55,1.3200000000000002e-20,1,1.645e-19
29.7,1.59e-20,1,1.6000000000000002e-19
29.85,8.54e-20,1,1.4299999999999998e-19
30.0,2.0299999999999997e-20,1,1.1999999999999999e-19
30.15,5.64e-21,1,1.255e-19
30.3,9.04e-21,1,1.1800000000000002e-19
30.45,7.995e-21,1,1.115e-19
30.6,5.28e-21,1,1.1300000000000002e-19
30.75,2.3100000000000003e-20,1,1.0599999999999999e-19
30.9,1.7100000000000002e-20,1,9.77e-20
31.05,2.105e-20,1,1.1249999999999998e-19
31.2,1.56e-20,1,1.05e-19
31.35,1.285e-20,1,1.115e-19
31.5,1.01e-20,1,9.58e-20
31.65,8.89e-21,1,1.0040000000000001e-19
31.8,3.3300000000000004e-20,0,1.15e-19
31.95,4.6e-20,0,1.7e-19
32.1,4.03e-20,0,1.6899999999999998e-19
32.25,5.554999999999999e-20,1,2.32e-19
32.45,3.1449999999999997e-20,0,1.45e-19
32.6,2.11e-20,0,1e-19
32.75,2.1300000000000003e-20,0,1.03e-19
32.9,4.18e-21,1,9.77e-20
33.05,7.74e-21,1,9.995000000000001e-20
33.2,1.02e-20,1,9.15e-20
33.349999999999994,8.07e-21,1,9.5e-20
33.5,1.1599999999999998e-20,1,1.0300000000000001e-19
33.650000000000006,1.1574999999999999e-20,1,9.05e-20
33.849999999999994,6.925000000000001e-21,1,8.625e-20
34.0,9.55e-21,1,9.09e-20
34.150000000000006,7.030000000000001e-21,1,9.574999999999999e-20
34.3,3.6700000000000006e-21,1,8.33e-20
34.45,8.605e-21,1,8.445000000000001e-20
34.650000000000006,2.175e-20,0,8.56e-20
34.8,2.1400000000000003e-20,0,8.74e-20
34.95,1.435e-20,1,8.435e-20
35.1,1.3700000000000003e-20,1,8.14e-20
35.25,1.2450000000000001e-20,1,8.975000000000001e-20
35.45,2.3050000000000004e-20,0,9.174999999999999e-20
35.6,0.0,0,1.0100000000000001e-19
35.75,0.0,0,9.899999999999999e-20
35.9,0.0,0,7.55e-20
36.05,0.0,0,7.765e-20
36.25,0.0,0,7.86e-20
36.4,0.0,0,8.679999999999999e-20
36.55,0.0,0,8.845e-20
36.75,0.0,0,7.304999999999999e-20
36.9,0.0,0,6.59e-20
37.05,0.0,0,6.999999999999999e-20
37.2,0.0,0,7.56e-20
37.349999999999994,0.0,0,8.13e-20
37.55,2.22e-20,0,7.605e-20
37.7,8.3e-21,1,7.56e-20
37.849999999999994,2.725e-20,0,8.085000000000001e-20
38.05,4.345e-21,1,7.069999999999999e-20
38.2,9.83e-21,1,7.07e-20
38.349999999999994,1.3199999999999997e-20,1,7.374999999999999e-20
38.55,1.3199999999999999e-20,1,6.865e-20
38.7,1.38e-20,1,6.85e-20
38.849999999999994,1.52e-20,1,6.324999999999999e-20
39.05,2.18e-20,1,5.844999999999999e-20
39.2,2.54e-20,1,6.78e-20
39.349999999999994,2.4200000000000003e-20,1,7.229999999999999e-20
39.55,1.86e-20,1,6.83e-20
39.75,1.042e-20,1,6.214999999999999e-20
39.9,2.11e-20,0,6.6e-20
40.05,1.5500000000000003e-20,0,6.89e-20
40.25,9.070000000000001e-21,1,7.335e-20
40.4,5.18e-21,1,9.42e-20
40.55,6.0999999999999994e-21,1,8.3e-20
40.75,2.34e-20,1,6.534999999999999e-20
40.9,2.34e-20,1,7.15e-20
41.05,1.9650000000000002e-20,0,6.414999999999999e-20
41.25,1.58e-20,1,5.515e-20
41.45,1.1775e-20,1,5.805e-20
41.6,8.51e-21,1,6.06e-20
41.75,1.1849999999999999e-20,1,6.210000000000002e-20
41.95,1.26e-20,1,5.725e-20
42.150000000000006,1.1445e-20,1,5.694999999999999e-20
42.3,9.220000000000001e-21,1,5.32e-20
42.45,7.650000000000001e-21,1,5.595e-20
42.650000000000006,1.089e-20,1,6.3e-20
42.849999999999994,1.851e-20,1,7.465e-20
43.0,1.57e-20,0,6.59e-20
43.150000000000006,1.38e-20,1,5.3e-20
43.349999999999994,8.135000000000001e-21,1,5.2099999999999996e-20
43.55,9.395e-21,1,4.79e-20
43.7,1.95e-20,1,5.23e-20
43.849999999999994,1.86e-20,1,6.21e-20
44.05,3.87e-21,1,5.645e-20
44.25,4.1700000000000006e-21,1,5.33e-20
44.45,1.5899999999999998e-20,1,6.324999999999999e-20
44.6,1.03e-20,1,6.25e-20
44.75,4.04e-21,1,4.9100000000000005e-20
44.95,4.94e-21,1,4.7100000000000005e-20
45.150000000000006,3.8e-21,1,4.4849999999999996e-20
45.349999999999994,3.055e-21,1,4.97e-20
45.5,3.3899999999999994e-21,1,4.45e-20
45.650000000000006,4.4749999999999996e-21,1,4.6150000000000003e-20
45.849999999999994,1.45e-20,0,4.6299999999999996e-20
46.05,2.16e-20,1,4.35e-20
46.25,1.1965e-20,1,4.4750000000000005e-20
46.4,1.6200000000000002e-20,1,3.92e-20
46.55,1.41e-20,1,3.98e-20
46.75,7.329999999999999e-21,1,4.2149999999999997e-20
46.95,1.1544999999999999e-20,1,4.4700000000000003e-20
47.150000000000006,1.5899999999999998e-20,1,4.445e-20
47.349999999999994,1.61e-20,1,4.4449999999999995e-20
47.55,1.19e-20,1,3.935e-20
47.7,1.6000000000000002e-20,1,4.47e-20
47.849999999999994,2.3399999999999997e-20,1,4.73e-20
48.05,2.635e-20,1,4.505e-20
48.25,2.755e-20,1,4.5199999999999996e-20
48.45,2.2750000000000003e-20,1,4.7650000000000005e-20
48.650000000000006,2.65e-20,1,4.22e-20
48.849999999999994,3.16e-20,1,4.045e-20
49.0,3.08e-20,1,4.24e-20
49.150000000000006,2.945e-20,1,4.11e-20
49.349999999999994,1.825e-20,1,3.5799999999999997e-20
49.55,1.9349999999999998e-20,1,4.105e-20
49.75,1.73e-20,1,4.48e-20
49.95,1.57e-20,1,4.43e-20
50.150000000000006,1.9149999999999998e-20,1,3.8550000000000004e-20
50.349999999999994,1.795e-20,1,4.09e-20
50.55,1.4449999999999998e-20,1,4.045e-20
50.75,1.2549999999999998e-20,1,3.6000000000000003e-20
50.9,8.729999999999999e-21,1,3.9599999999999997e-20
51.05,9.35e-21,1,4.619999999999999e-20
51.25,8.29e-21,1,3.92e-20
51.45,8.11e-21,1,3.34e-20
51.650000000000006,9.335e-21,1,3.7450000000000003e-20
51.849999999999994,1.0065000000000001e-20,1,3.99e-20
52.05,1.715e-20,1,3.66e-20
52.25,1.56e-20,1,3.8900000000000003e-20
52.45,9.985e-21,1,4.355e-20
52.650000000000006,9.5e-21,1,4.6550000000000005e-20
52.849999999999994,9.275e-21,1,3.875e-20
53.05,8.255000000000001e-21,1,3.885e-20
53.25,9.205000000000001e-21,1,3.5650000000000004e-20
53.45,1.0260000000000001e-20,1,3.54e-20
53.650000000000006,1.3000000000000001e-20,1,4.1500000000000005e-20
53.849999999999994,9.085e-21,1,3.9349999999999994e-20
54.05,1.395e-20,1,3.775e-20
54.25,1.565e-20,1,3.475e-20
54.45,1.3199999999999999e-20,1,3.325e-20
54.650000000000006,8.68e-21,1,3.8600000000000005e-20
54.849999999999994,7.455e-21,1,3.91e-20
55.05,1.246e-20,1,3.39e-20
55.25,7.2e-21,1,3.475e-20
55.45,1.770999999999999e-20,1,3.155e-20
55.650000000000006,1.7115e-20,1,3.015e-20
55.849999999999994,3.64e-21,1,3.095e-20
56.05,3.614999999999999e-21,1,3.46e-20
56.25,3.0550000000000004e-21,1,3.37e-20
56.45,2.7450000000000003e-21,1,3.4600000000000005e-20
56.650000000000006,4.525e-21,1,3.895e-20
56.849999999999994,3.28e-21,1,3.545e-20
57.05,3.43e-21,1,3.4200000000000004e-20
57.25,4.594e-21,1,3.575e-20
57.45,6.82e-21,1,3.5e-20
57.650000000000006,9.035e-21,1,3.215e-20
57.849999999999994,1.2565e-20,1,3.375e-20
58.05,6.925e-21,1,3.775e-20
58.25,9.345000000000001e-21,1,3.77e-20
58.45,1.485e-20,1,4.175e-20
58.650000000000006,1.93e-20,1,4.165e-20
58.849999999999994,1.815e-20,1,3.81e-20
59.1,1.8466666666666665e-20,1,4.71e-20
59.349999999999994,8.815e-21,1,6.915e-20
59.55,1.04e-20,1,1.355e-19
59.75,0.0,0,5.605e-19
59.95,0.0,0,2.8950000000000004e-18
60.150000000000006,0.0,0,1.659e-18
60.349999999999994,0.0,0,1.585e-19
60.55,4.290000000000001e-21,1,8.719999999999999e-20
60.75,3.76e-21,1,5.285e-20
60.95,3.835e-21,1,5.014999999999999e-20
61.20000000000001,4.23e-21,1,4.229999999999999e-20
61.45,4.435e-21,1,4.19e-20
61.650000000000006,3.125e-21,1,3.55e-20
61.849999999999994,4.5799999999999995e-21,1,3.5399999999999996e-20
62.05,6.275000000000001e-21,1,3.55e-20
62.25,4.52e-21,1,3.045e-20
62.45,9.925e-21,1,2.7449999999999996e-20
62.70000000000001,4.816666666666666e-21,1,2.7766666666666664e-20
62.95,3.985e-21,1,2.58e-20
63.150000000000006,4.8649999999999995e-21,1,2.6700000000000002e-20
63.349999999999994,1.825e-21,1,2.885e-20
63.55,2.125e-21,1,2.8149999999999996e-20
63.75,2.615e-21,1,3.56e-20
64.0,2.593333333333333e-21,1,4.243333333333333e-20
64.25,1.3700000000000002e-21,1,3.485e-20
64.45,5.8800000000000005e-21,1,3.33e-20
64.65,5.63e-21,1,3.23e-20
64.85,4.7250000000000004e-21,1,2.915e-20
65.10000000000001,5.1466666666666674e-21,1,2.673333333333333e-20
65.35,3.95e-21,1,2.6149999999999998e-20
65.55,4.255000000000001e-21,1,2.4900000000000002e-20
65.75,3.85e-21,1,2.5e-20
65.95,2.53e-21,1,2.5449999999999996e-20
66.2,1.856666666666667e-21,1,2.4966666666666664e-20
66.45,4.29e-21,1,2.6800000000000002e-20
66.65,4.16e-21,1,2.7e-20
66.85,5.505e-21,1,2.605e-20
67.10000000000001,4.296333333333333e-21,1,2.6299999999999997e-20
67.35,1.12e-21,1,2.46e-20
67.55,1.135e-21,1,2.485e-20
67.75,1.045e-21,1,2.415e-20
68.0,2.5433333333333333e-21,1,2.5399999999999998e-20
68.25,2.26e-21,1,2.5799999999999996e-20
68.45,2.0949999999999998e-21,1,2.5849999999999998e-20
68.65,2.45e-21,1,2.5499999999999998e-20
68.89999999999999,2.5733333333333333e-21,1,2.4800000000000002e-20
69.15,2.1599999999999998e-21,1,2.395e-20
69.35,2.05e-21,1,2.3149999999999998e-20
69.60000000000001,1.9966666666666666e-21,1,2.44e-20
69.85,3.395e-21,1,2.43e-20
70.05,2.315e-21,1,2.34e-20
70.25,2.675e-21,1,2.705e-20
70.5,3.6e-21,1,2.4066666666666667e-20
70.75,2.97e-21,1,2.2550000000000002e-20
70.95,3.725e-21,1,2.415e-20
71.2,4.08e-21,1,2.5566666666666666e-20
71.45,3.885e-21,1,2.465e-20
71.65,3.4450000000000006e-21,1,2.325e-20
71.89999999999999,3.1066666666666666e-21,1,2.36e-20
72.15,3.045e-21,1,2.58e-20
72.35,3.02e-21,1,2.59e-20
72.60000000000001,3.2533333333333335e-21,1,2.3033333333333335e-20
72.85,3.365e-21,1,2.355e-20
73.05,3.77e-21,1,2.43e-20
73.3,3.2466666666666664e-21,1,2.3266666666666665e-20
73.55,3.1349999999999998e-21,1,2.285e-20
73.8,4.82e-21,1,2.5366666666666665e-20
74.05,9.515e-21,1,2.51e-20
74.25,9.207999999999999e-21,1,2.48e-20
74.5,6.0799999999999996e-21,1,2.5133333333333332e-20
74.75,5.645e-21,1,3.3850000000000004e-20
74.95,4.7250000000000004e-21,1,4.8050000000000006e-20
75.2,4.3700000000000005e-21,1,3.413333333333333e-20
75.45,6.5399999999999994e-21,1,2.23e-20
75.7,4.593333333333333e-21,1,2.0400000000000003e-20
75.95,3.965e-21,1,2.16e-20
76.2,2.4266666666666668e-21,1,2.0166666666666667e-20
76.45,2.315e-21,1,2.0299999999999997e-20
76.65,2.0000000000000002e-21,1,2.135e-20
76.89999999999999,3.212e-21,1,2.426666666666667e-20
77.15,3.7349999999999994e-21,1,2.51e-20
77.39999999999999,4.6733333333333334e-21,1,2.3433333333333333e-20
77.65,2.245e-21,1,2.325e-20
77.89999999999999,4.803333333333333e-21,1,2.2666666666666666e-20
78.15,5.6200000000000006e-21,1,2.3499999999999998e-20
78.39999999999999,5.84e-21,1,2.13e-20
78.65,4.125e-21,1,2.19e-20
78.89999999999999,3.846666666666666e-21,1,2.3366666666666665e-20
79.15,4.3700000000000005e-21,1,2.31e-20
79.39999999999999,5.486666666666667e-21,1,2.1599999999999998e-20
79.65,6.475e-21,1,2.025e-20
79.85,4.9499999999999996e-21,1,2.3249999999999998e-20
80.10000000000001,5.853333333333334e-21,1,2.33e-20
80.35,6.035e-21,1,2.21e-20
80.60000000000001,4.926666666666666e-21,1,2.476666666666667e-20
80.89999999999999,5.5100000000000004e-21,1,2.36e-20
81.15,2.85e-21,1,2.2949999999999998e-20
81.39999999999999,3.1433333333333333e-21,1,2.29e-20
81.65,7.224999999999999e-21,1,2.1699999999999998e-20
81.89999999999999,7.379999999999999e-21,1,2.1966666666666667e-20
82.15,1.0015e-20,1,2.14e-20
82.39999999999999,6.91e-21,1,2.24e-20
82.65,5.995000000000001e-21,1,2.305e-20
82.89999999999999,5.1766666666666655e-21,1,2.1566666666666665e-20
83.15,5.564999999999999e-21,1,2.28e-20
83.39999999999999,6.5e-21,1,2.57e-20
83.7,6.283333333333333e-21,1,2.3166666666666664e-20
83.95,6.84e-21,1,2.27e-20
84.2,4.326666666666667e-21,1,2.073333333333333e-20
84.45,2.565e-21,1,2.005e-20
84.7,3.056666666666667e-21,1,2.0100000000000002e-20
84.95,2.85e-21,1,2.265e-20
85.2,4.1366666666666674e-21,1,2.44e-20
85.5,5.676666666666666e-21,1,2.2833333333333337e-20
85.75,3.9650000000000004e-21,1,2.33e-20
86.0,2.7466666666666663e-21,1,2.2833333333333337e-20
86.3,2.09e-21,1,2.2266666666666668e-20
86.55,1.59e-21,1,2.445e-20
86.8,1.873333333333333e-21,1,2.2733333333333334e-20
87.05,2.18e-21,1,2.18e-20
87.3,2.2633333333333336e-21,1,2.04e-20
87.60000000000001,2.333333333333333e-21,1,2.0566666666666668e-20
87.85,4.985e-21,1,2.225e-20
88.10000000000001,2.6333333333333334e-21,1,2.2666666666666666e-20
88.39999999999999,2.8986666666666666e-21,1,2.1966666666666667e-20
88.65,5.02e-21,1,2.2450000000000002e-20
88.89999999999999,3.28e-21,1,2.32e-20
89.2,4.466666666666667e-21,1,2.32e-20
89.45,7.665e-21,1,2.2550000000000002e-20
89.7,9.793333333333335e-21,1,2.22e-20
90.0,7.083333333333333e-21,1,2.3766666666666666e-20
90.3,6.783333333333334e-21,1,2.1933333333333334e-20
90.55,6.85e-21,1,2.035e-20
90.8,7.173333333333331e-21,1,2.143333333333333e-20
91.10000000000001,8.253333333333334e-21,1,2.1766666666666666e-20
91.35,8.340000000000001e-21,1,2.0000000000000002e-20
91.60000000000001,6.956666666666666e-21,1,2.04e-20
91.89999999999999,7.036666666666667e-21,1,2.0766666666666666e-20
92.2,6.1e-21,1,2.0066666666666667e-20
92.45,6.98e-21,1,1.95e-20
92.7,6.636666666666666e-21,1,1.8766666666666663e-20
93.0,6.686666666666666e-21,1,1.79e-20
93.3,5.063333333333333e-21,1,1.8966666666666666e-20
93.55,5.425000000000001e-21,1,1.95e-20
93.8,4.399999999999999e-21,1,1.9366666666666668e-20
94.10000000000001,2.753333333333333e-21,1,1.9333333333333332e-20
94.39999999999999,2.8833333333333334e-21,1,1.9533333333333333e-20
94.7,2.55e-21,1,2.003333333333333e-20
94.95,2.5150000000000004e-21,1,2.0200000000000003e-20
95.2,3.04e-21,1,2.11e-20
95.5,3.496666666666666e-21,1,2.2566666666666666e-20
95.8,3.8000000000000005e-21,1,2.31e-20
96.10000000000001,2.7166666666666667e-21,1,2.1799999999999998e-20
96.35,5.6050000000000004e-21,1,1.89e-20
96.60000000000001,6.213333333333333e-21,1,1.8999999999999996e-20
96.89999999999999,7.463333333333335e-21,1,1.97e-20
97.2,5.633333333333334e-21,1,1.923333333333333e-20
97.5,3.1633333333333334e-21,1,1.9633333333333336e-20
97.8,3.683333333333333e-21,1,1.976666666666667e-20
98.10000000000001,4.2333333333333334e-21,1,2.09e-20
98.35,2.73e-21,1,1.995e-20
98.60000000000001,2.1833333333333335e-21,1,1.9166666666666664e-20
98.89999999999999,2.1966666666666665e-21,1,1.91e-20
99.2,1.7766666666666666e-21,1,1.9233333333333335e-20
99.5,1.5800000000000001e-21,1,1.9233333333333335e-20
99.8,1.703333333333333e-21,1,2.44e-20
100.10000000000001,1.9366666666666666e-21,1,2.5999999999999996e-20
100.39999999999999,1.4099999999999999e-21,1,2.0633333333333336e-20
100.7,1.1733333333333333e-21,1,1.99e-20
100.95,1.36e-21,1,2.11e-20
101.2,1.6766666666666669e-21,1,1.95e-20
101.5,1.9733333333333333e-21,1,1.8566666666666665e-20
101.8,1.8466666666666666e-21,1,1.9333333333333332e-20
102.10000000000001,1.6066666666666666e-21,1,2.0433333333333333e-20
102.39999999999999,1.97e-21,1,1.9933333333333334e-20
102.7,1.5433333333333334e-21,1,1.8033333333333334e-20
103.0,1.269e-21,1,1.8433333333333335e-20
103.3,1.165e-21,1,1.7899999999999998e-20
103.60000000000001,1.4533333333333333e-21,1,1.8699999999999998e-20
103.89999999999999,1.4599999999999999e-21,1,1.9400000000000003e-20
104.2,1.4966666666666668e-21,1,2.1e-20
104.5,2.3066666666666663e-21,1,1.9466666666666668e-20
104.8,6.07e-22,1,1.8733333333333333e-20
105.10000000000001,1.866e-21,1,1.9000000000000002e-20
105.39999999999999,1.764e-21,1,1.676666666666667e-20
105.7,7e-22,1,1.7433333333333335e-20
106.0,5.946666666666667e-22,1,1.9533333333333333e-20
106.3,7.493333333333334e-22,1,1.853333333333333e-20
106.60000000000001,3.248333333333333e-21,1,1.81e-20
106.89999999999999,1.3433333333333333e-21,1,1.8833333333333334e-20
107.2,1.7833333333333334e-21,1,1.7933333333333334e-20
107.5,1.3333333333333333e-21,1,1.89e-20
107.8,4.713666666666667e-21,1,1.8433333333333335e-20
108.10000000000001,8.056666666666667e-21,1,1.9066666666666667e-20
108.39999999999999,8.356666666666666e-21,1,1.9933333333333334e-20
108.7,8.826666666666667e-21,1,1.9533333333333333e-20
109.0,1.1433333333333333e-20,1,2.03e-20
109.35,9.1975e-21,1,1.9349999999999998e-20
109.7,1.0306666666666667e-20,1,1.95e-20
110.0,5.593333333333333e-21,1,1.8666666666666665e-20
110.3,7.156666666666667e-21,1,1.8133333333333334e-20
110.60000000000001,7.463333333333333e-21,1,1.8300000000000003e-20
110.89999999999999,7.759999999999999e-21,1,1.7366666666666664e-20
111.2,8.44e-21,1,1.876666666666667e-20
111.5,7.899999999999999e-21,1,1.9366666666666668e-20
111.8,8.483333333333333e-21,1,1.846666666666667e-20
112.15,6.9e-21,1,1.7775e-20
112.5,7.85e-21,1,1.9666666666666666e-20
112.8,1.121e-20,1,2.0533333333333333e-20
113.10000000000001,9.92e-21,1,1.8433333333333335e-20
113.39999999999999,1.1136666666666664e-20,1,1.78e-20
113.7,1.1816666666666668e-20,1,1.9366666666666668e-20
114.05,1.2775e-20,1,1.9849999999999997e-20
114.39999999999999,1.166666666666667e-20,1,1.893333333333333e-20
114.7,1.0466666666666667e-20,1,1.95e-20
115.0,9.74e-21,1,1.9333333333333332e-20
115.3,8.886666666666666e-21,1,1.9133333333333335e-20
115.65,9.912500000000001e-21,1,1.9475000000000003e-20
116.0,1.0700000000000002e-20,1,1.7566666666666665e-20
116.3,1.1266666666666668e-20,1,1.8e-20
116.60000000000001,1.2833333333333332e-20,1,2.0100000000000002e-20
116.94999999999999,1.6575000000000003e-20,1,1.9324999999999998e-20
117.3,1.0863333333333335e-20,1,1.8666666666666668e-20
117.60000000000001,1.8700000000000004e-20,1,1.86e-20
117.89999999999999,1.3966666666666666e-20,1,1.8366666666666668e-20
118.25,0.0,0,1.74e-20
118.60000000000001,0.0,0,1.8433333333333332e-20
118.89999999999999,0.0,0,1.8633333333333333e-20
119.2,0.0,0,1.8333333333333335e-20
119.55,0.0,0,4.4025000000000005e-20
119.89999999999999,0.0,0,1.13e-19
120.2,0.0,0,7.806666666666665e-20
120.55,0.0,0,1.9575e-20
120.89999999999999,0.0,0,1.97e-20
121.2,0.0,0,1.966666666666667e-20
121.55,0.0,0,1.785e-20
121.89999999999999,3.9399999999999996e-21,0,1.7333333333333332e-20
122.2,3.7933333333333334e-21,0,1.71e-20
122.55,4.7275e-21,0,1.77e-20
122.89999999999999,4.2933333333333335e-21,0,1.9066666666666667e-20
123.2,5.133333333333333e-21,1,1.93e-20
123.55,7.5275e-21,1,1.74e-20
123.89999999999999,6.973333333333332e-21,1,1.6866666666666666e-20
124.2,7.123333333333333e-21,1,1.8366666666666668e-20
124.55,2.284e-21,1,1.8675e-20
124.89999999999999,3.9900000000000005e-21,0,1.9166666666666664e-20
125.25,4.2025e-21,0,1.9599999999999998e-20
125.60000000000001,3.963333333333333e-21,0,1.9366666666666668e-20
125.89999999999999,4.7500000000000005e-21,0,1.8433333333333332e-20
126.25,3.3725e-21,1,1.6974999999999998e-20
126.60000000000001,4.163333333333334e-21,0,1.7533333333333333e-20
126.94999999999999,4.23e-21,0,1.8e-20
127.3,4.126666666666667e-21,0,1.873333333333333e-20
127.65,3.3637499999999998e-21,1,1.7825e-20
128.0,2.6473333333333327e-21,1,1.6466666666666668e-20
128.35,4.2725e-21,0,1.75e-20
128.7,4.006666666666667e-21,0,1.9566666666666665e-20
129.0,4.34e-21,0,1.9333333333333332e-20
129.35,2.5490000000000003e-21,1,1.88e-20
129.7,5.300000000000001e-22,1,1.7199999999999996e-20
130.05,2.8502499999999996e-21,1,1.655e-20
130.4,4.676666666666667e-21,0,1.7733333333333333e-20
130.75,3.1250000000000003e-21,1,1.75e-20
131.15,2.7905000000000002e-21,1,1.79e-20
131.5,4.62e-22,1,1.7766666666666666e-20
131.85,2.95875e-21,1,1.7149999999999998e-20
132.2,2.7566666666666667e-22,1,1.44e-20
132.55,4.972500000000001e-22,1,1.5575e-20
132.9,2.035666666666667e-21,1,1.7799999999999998e-20
133.25,9.525e-22,1,1.77e-20
133.6,4.936666666666666e-22,1,1.8733333333333333e-20
133.95000000000002,2.62725e-21,1,1.98e-20
134.35,1.72275e-21,1,1.9324999999999998e-20
134.7,3.7666666666666666e-21,0,1.8833333333333334e-20
135.05,5.857499999999998e-22,1,1.7599999999999997e-20
135.4,3.416666666666666e-22,1,1.7200000000000002e-20
135.75,1.48025e-21,1,1.805e-20
136.15,4.32e-21,0,1.9725e-20
136.5,4.176666666666667e-21,0,1.9133333333333335e-20
136.85,4.1975e-21,0,1.8325e-20
137.2,4.35e-21,0,1.8833333333333334e-20
137.55,4.385e-21,0,1.8325e-20
137.95000000000002,4.149999999999999e-21,0,1.8949999999999997e-20
138.29999999999998,3.98e-21,0,1.9833333333333334e-20
138.65,1.73025e-21,1,1.8650000000000002e-20
139.05,5.525e-22,1,1.7375e-20
139.4,8.236666666666666e-22,1,1.6766666666666666e-20
139.75,1.04775e-21,1,1.8424999999999998e-20
140.15,5.612499999999999e-21,0,1.8974999999999998e-20
140.55,3.9325e-21,0,1.9025e-20
140.9,4.143333333333333e-21,0,1.8999999999999996e-20
141.25,3.88e-21,0,1.81e-20
141.65,3.835e-21,0,1.7275e-20
142.0,3.2966666666666665e-22,1,1.806666666666667e-20
142.35,4.395e-22,1,1.92e-20
142.75,7.225e-22,1,1.7624999999999998e-20
143.15,1.4899999999999999e-21,1,1.7375e-20
143.55,2.14e-21,1,1.79e-20
143.9,2.106666666666667e-21,1,1.8166666666666667e-20
144.25,3.2474999999999998e-21,1,1.7425e-20
144.65,4.41e-21,1,1.74e-20
145.05,5.4024999999999985e-21,1,1.7575e-20
145.4,4.67e-21,1,1.8066666666666664e-20
145.75,5.259999999999999e-21,1,1.835e-20
146.15,6.235e-21,1,1.785e-20
146.55,8.0625e-21,1,1.87e-20
146.95000000000002,9.2675e-21,1,1.8275000000000002e-20
147.35,9.8175e-21,1,1.8424999999999998e-20
147.7,1.0466666666666667e-20,1,1.81e-20
148.05,1.0030000000000001e-20,1,1.86e-20
148.45000000000002,1.03775e-20,1,1.8799999999999998e-20
148.85,1.2325000000000001e-20,1,1.9000000000000002e-20
149.25,1.0559999999999999e-20,1,1.81e-20
149.65,1.3425e-20,1,1.6624999999999998e-20
150.05,1.32e-20,1,1.8825e-20
150.45000000000002,1.0077499999999999e-20,1,1.785e-20
150.85,8.4475e-21,1,1.74e-20
151.2,7.556666666666666e-21,1,1.7766666666666666e-20
151.55,1.02825e-20,1,1.705e-20
151.95000000000002,6.8575e-21,1,1.8075e-20
152.35,9.234999999999998e-21,1,1.8974999999999998e-20
152.75,1.0385e-20,1,1.8375e-20
153.15,8.8275e-21,1,1.83e-20
153.55,8.427500000000001e-21,1,1.7225e-20
153.95000000000002,8.814999999999999e-21,1,1.6775e-20
154.35,5.6849999999999994e-21,1,1.615e-20
154.75,7.4025e-21,1,1.7174999999999998e-20
155.15,6.5775e-21,1,1.84e-20
155.55,5.4499999999999996e-21,1,1.785e-20
155.95000000000002,4.2725e-21,1,1.73e-20
156.35,2.7375e-21,1,1.7225e-20
156.75,3.877499999999999e-21,0,1.795e-20
157.15,3.46e-21,0,1.7025e-20
157.55,3.7075e-21,0,1.6725e-20
157.95000000000002,3.745e-21,0,1.6399999999999997e-20
158.35,3.1925e-21,0,1.815e-20
158.8,3.168e-21,0,1.8520000000000002e-20
159.25,2.6874999999999997e-21,0,1.8275000000000002e-20
159.65,4.15e-21,0,1.855e-20
160.05,3.8625e-21,0,1.7775e-20
160.45000000000002,3.13e-21,0,1.75e-20
160.85,3.8700000000000004e-21,0,1.7625e-20
161.25,3.5425e-21,0,1.6825000000000002e-20
161.65,3.510000000000001e-21,0,1.7925000000000002e-20
162.05,3.49e-21,0,1.95e-20
162.5,3.4e-21,0,1.9059999999999997e-20
162.95000000000002,3.3525000000000004e-21,0,1.71e-20
163.35,3.465e-21,0,1.7775e-20
163.75,3.2549999999999995e-21,0,1.7725e-20
164.15,4.399999999999999e-21,0,1.755e-20
164.55,4.8925e-21,0,1.7725e-20
165.0,4.16e-21,0,1.7300000000000003e-20
165.45000000000002,3.8075000000000006e-21,0,1.7249999999999998e-20
165.85,2.04275e-21,1,1.73e-20
166.25,6.0825e-22,1,1.7775e-20
166.65,1.1245e-21,1,1.6799999999999998e-20
167.1,3.582e-21,0,1.7620000000000002e-20
167.55,3.555e-21,0,1.7725e-20
167.95000000000002,3.36e-21,0,1.7075e-20
168.35,3.1525e-21,0,1.71e-20
168.8,3.3239999999999997e-21,0,1.6419999999999998e-20
169.25,3.9050000000000004e-21,0,1.685e-20
169.65,3.8925e-21,0,1.825e-20
170.1,3.5359999999999996e-21,0,1.8140000000000002e-20
170.55,3.8274999999999996e-21,0,1.7349999999999998e-20
170.95000000000002,3.735000000000001e-21,0,1.7325e-20
171.4,3.4900000000000005e-21,0,1.7660000000000004e-20
171.85,3.55e-21,0,1.74e-20
172.24999999999997,3.6025e-21,0,1.7225e-20
172.7,4.182e-21,0,1.8140000000000002e-20
173.14999999999998,4.405e-21,0,1.7625e-20
173.55,4.1275e-21,0,1.7750000000000002e-20
174.0,4.113999999999999e-21,0,1.826e-20
174.45000000000002,4.04e-21,0,1.8349999999999998e-20
174.9,3.9540000000000005e-21,0,1.802e-20
175.35,3.9175e-21,0,1.6875e-20
175.74999999999997,4.107499999999999e-21,0,1.7325e-20
176.2,3.908e-21,0,1.74e-20
176.64999999999998,3.67e-21,0,1.7825000000000002e-20
177.1,2.572e-21,1,1.784e-20
177.55,5.7699999999999996e-21,1,1.7575e-20
178.0,4.3633333333333334e-21,1,1.732e-20
178.45000000000002,0.0,0,1.85e-20
178.85,0.0,0,1.93e-20
179.29999999999998,0.0,0,2.534e-20
179.74999999999997,0.0,0,8.099999999999999e-20
180.2,0.0,0,6.97e-20
180.64999999999998,0.0,0,2.0175000000000002e-20
181.1,0.0,0,1.7919999999999997e-20
181.6,0.0,0,1.856e-20
182.05,1.3133333333333334e-20,1,1.7625e-20
182.5,1.0322e-21,1,1.6180000000000004e-20
182.95000000000002,2.3925e-21,1,1.7225e-20
183.4,1.3036e-20,1,1.7100000000000002e-20
183.85,1.4225e-20,1,1.7899999999999998e-20
184.29999999999998,9.618000000000001e-21,1,1.9499999999999997e-20
184.74999999999997,8.157499999999999e-21,1,1.8175e-20
185.2,9.416e-21,1,1.6399999999999997e-20
185.7,8.98e-21,1,1.664e-20
186.14999999999998,7.56e-21,1,1.8249999999999998e-20
186.6,7.288e-21,1,1.9060000000000003e-20
187.1,9.522e-21,1,1.8739999999999997e-20
187.55,9.0575e-21,1,1.7125e-20
188.0,8.878e-21,1,1.674e-20
188.5,8.294e-21,1,1.8279999999999998e-20
188.95000000000002,6.9825e-21,1,1.805e-20
189.4,6.038e-21,1,1.77e-20
189.9,5.158e-21,1,1.8340000000000002e-20
190.35,6.255e-21,1,1.7875e-20
190.79999999999998,4.252e-21,1,1.7799999999999998e-20
191.29999999999998,5.0339999999999996e-21,1,1.768e-20
191.74999999999997,6.715e-21,1,1.8599999999999998e-20
192.2,5.62e-21,1,1.876e-20
192.7,3.606e-21,1,1.818e-20
193.2,3.6519999999999994e-21,1,1.7099999999999996e-20
193.64999999999998,4.5099999999999996e-21,1,1.7349999999999998e-20
194.1,4.922e-21,1,1.9279999999999998e-20
194.6,6.044e-21,1,1.912e-20
195.1,5.2679999999999994e-21,1,1.742e-20
195.6,4.152e-21,1,1.714e-20
196.05,4.36e-21,1,1.7475e-20
196.5,2.8340000000000003e-21,1,1.726e-20
197.0,2.5379999999999996e-21,1,1.748e-20
197.5,2.23e-21,1,1.812e-20
198.0,1.854e-21,1,1.8659999999999998e-20
198.5,1.568e-21,1,1.892e-20
199.0,7.717999999999999e-22,1,1.824e-20
199.45000000000002,9.212500000000002e-22,1,1.8175e-20
199.9,6.860000000000001e-22,1,1.802e-20
200.4,3.546e-22,1,1.726e-20
200.9,2.424e-22,1,1.6979999999999997e-20
201.4,3.5000000000000005e-22,1,1.734e-20
201.9,2.6614e-21,1,1.738e-20
202.4,1.8082e-21,1,1.76e-20
202.9,3.766e-21,0,1.748e-20
203.4,1.3062000000000001e-21,1,1.77e-20
203.9,3.6466e-21,1,1.874e-20
204.4,4.232e-21,0,1.9419999999999998e-20
204.9,4.092e-21,0,1.9279999999999998e-20
205.4,4.527999999999999e-21,0,1.9279999999999998e-20
205.9,3.418e-21,0,1.912e-20
206.4,2.7560000000000006e-21,0,1.92e-20
206.9,1.4899999999999998e-22,1,1.86e-20
207.4,1.79e-22,1,1.7960000000000002e-20
207.9,1.4344e-21,1,1.76e-20
208.4,4.184e-21,0,1.774e-20
208.9,2.8146000000000006e-21,1,1.74e-20
209.4,1.6594e-21,1,1.804e-20
209.9,3.5960000000000004e-21,0,1.892e-20
210.4,3.686e-21,0,1.89e-20
210.95000000000002,3.4281666666666666e-21,1,1.82e-20
211.5,3.024e-22,1,1.854e-20
212.0,2.145e-21,1,1.8260000000000003e-20
212.5,3.52e-21,0,1.816e-20
213.0,3.312e-21,0,1.79e-20
213.5,3.1419999999999995e-21,0,1.698e-20
214.04999999999998,2.965e-21,0,1.79e-20
214.6,3.338e-21,0,1.858e-20
215.1,6.1607999999999995e-21,1,1.7279999999999998e-20
215.6,5.344e-22,1,1.71e-20
216.1,1.1538e-21,1,1.6699999999999998e-20
216.65,1.4665e-21,1,1.7283333333333336e-20
217.2,1.4984e-21,1,1.83e-20
217.7,8.494e-22,1,1.842e-20
218.2,7.167999999999999e-22,1,1.7720000000000002e-20
218.75,8.52e-22,1,1.7699999999999998e-20
219.3,5.154e-21,0,1.7779999999999997e-20
219.8,4.178e-21,0,1.8100000000000002e-20
220.3,3.1219999999999997e-21,0,1.8800000000000004e-20
220.85,2.5116666666666665e-21,1,1.9433333333333332e-20
221.4,1.93e-21,1,1.8659999999999998e-20
221.9,3.1259999999999996e-21,0,1.884e-20
222.45000000000002,3.86e-21,0,1.818333333333333e-20
223.0,3.998e-21,0,1.788e-20
223.54999999999998,4.4416666666666664e-21,0,1.8999999999999996e-20
224.1,4.206000000000001e-21,0,1.868e-20
224.6,4.2e-21,0,1.812e-20
225.15,3.435e-21,0,1.825e-20
225.7,3.718e-21,0,1.922e-20
226.25,4.1883333333333336e-21,0,1.895e-20
226.8,3.602e-21,0,1.816e-20
227.3,3.524e-21,0,1.7899999999999998e-20
227.85,3.3183333333333335e-21,0,1.895e-20
228.4,3.4619999999999994e-21,0,1.8380000000000002e-20
228.95000000000002,3.7216666666666675e-21,0,1.8100000000000002e-20
229.5,5.445999999999999e-21,0,1.898e-20
230.04999999999998,5.7799999999999994e-21,0,1.8683333333333335e-20
230.6,3.748e-21,0,1.834e-20
231.15,2.926666666666667e-21,0,1.8550000000000002e-20
231.7,2.522e-21,0,1.94e-20
232.25,2.985e-21,0,1.8516666666666666e-20
232.8,3.4200000000000005e-21,0,1.864e-20
233.35,3.608333333333334e-21,0,1.8733333333333333e-20
233.95000000000002,3.825e-21,0,1.8216666666666666e-20
234.5,4.164e-21,0,1.734e-20
235.04999999999998,3.5766666666666666e-21,0,1.7666666666666668e-20
235.6,3.422e-21,0,1.7820000000000002e-20
236.15,4.2683333333333334e-21,0,1.78e-20
236.75,4.0950000000000004e-21,0,1.796666666666667e-20
237.3,4.2620000000000004e-21,0,1.87e-20
237.85,4.278e-21,0,1.7816666666666667e-20
238.45000000000002,0.0,0,1.6899999999999998e-20
239.0,0.0,0,1.754e-20
239.54999999999998,0.0,0,2.2633333333333333e-20
240.15,0.0,0,2.4366666666666665e-20
240.7,0.0,0,1.9279999999999998e-20
241.25,0.0,0,1.8866666666666666e-20
241.85,2.8800000000000002e-21,1,1.965e-20
242.45000000000002,3.133333333333333e-21,1,1.9066666666666667e-20
243.0,4.592e-21,1,1.7799999999999998e-20
243.54999999999998,4.046666666666666e-21,1,1.76e-20
244.15,2.2333333333333332e-21,1,1.8083333333333333e-20
244.75,2.171666666666667e-21,1,1.7516666666666666e-20
245.3,2.352e-21,1,1.7079999999999998e-20
245.85,1.5468333333333336e-21,1,1.765e-20
246.45000000000002,9.939999999999999e-22,1,1.7816666666666667e-20
247.04999999999998,8.71e-22,1,1.715e-20
247.65,6.88e-22,1,1.7383333333333334e-20
248.25,3.761666666666667e-21,0,1.84e-20
248.8,3.9560000000000006e-21,0,1.816e-20
249.35,4.3799999999999996e-21,0,1.825e-20
249.95000000000002,4.626666666666667e-21,0,1.9633333333333336e-20
250.54999999999998,4.1633333333333335e-21,1,1.8616666666666667e-20
251.15,3.710000000000001e-21,1,1.82e-20
251.75,3.771666666666667e-21,1,1.7616666666666667e-20
252.35,3.691666666666667e-21,1,1.6949999999999997e-20
252.95000000000002,3.676666666666667e-21,1,1.8433333333333335e-20
253.54999999999998,4.24e-21,1,1.8783333333333332e-20
254.15,3.736666666666666e-21,1,1.88e-20
254.75,5.2166666666666666e-21,1,1.8333333333333335e-20
255.35,4.126666666666667e-21,1,1.8416666666666663e-20
255.95000000000002,1.1345e-21,1,1.8833333333333334e-20
256.55,1.2903333333333336e-21,1,1.8166666666666664e-20
257.15000000000003,5.6399999999999996e-21,0,1.8883333333333335e-20
257.75,4.216666666666667e-21,0,1.8016666666666665e-20
258.34999999999997,4.248333333333334e-21,0,1.7366666666666664e-20
258.95,5.094999999999999e-21,0,1.8016666666666665e-20
259.55,4.74e-21,0,1.9216666666666666e-20
260.15000000000003,4.228333333333333e-21,0,1.9400000000000003e-20
260.75,4.87e-22,1,1.8616666666666667e-20
261.4,6.121428571428571e-22,1,1.7957142857142856e-20
262.05,6.316666666666667e-22,1,1.705e-20
262.65000000000003,9.061666666666667e-22,1,1.7183333333333333e-20
263.25,2.2849999999999998e-21,1,1.7733333333333333e-20
263.84999999999997,2.4616666666666667e-21,1,1.8366666666666668e-20
264.45,7.458333333333334e-22,1,1.8083333333333336e-20
265.1,5.132857142857143e-22,1,1.791428571428571e-20
265.75,4.7666666666666665e-22,1,1.885e-20
266.34999999999997,6.360000000000001e-22,1,1.8550000000000002e-20
266.95,6.676666666666667e-22,1,1.7833333333333334e-20
267.55,6.428333333333334e-22,1,1.8e-20
268.2,3.6234285714285715e-21,1,1.8085714285714285e-20
268.84999999999997,4.313333333333333e-21,0,1.8000000000000002e-20
269.45,3.9316666666666665e-21,0,1.9216666666666666e-20
270.1,1.945714285714286e-21,1,1.9042857142857142e-20
270.75,4.015e-21,0,1.96e-20
271.34999999999997,4.226666666666666e-21,0,1.986666666666667e-20
272.0,4.8257142857142866e-21,0,1.995714285714286e-20
272.65000000000003,4.583333333333333e-21,0,2.131666666666667e-20
273.25,3.706666666666667e-21,1,2.1900000000000005e-20
273.9,5.3999999999999995e-21,1,2.0785714285714287e-20
274.55,5.973333333333332e-21,1,2.0233333333333332e-20
275.15000000000003,5.291666666666666e-21,1,1.9916666666666665e-20
275.8,5.9328571428571426e-21,1,2.135714285714286e-20
276.45,5.048333333333332e-21,1,2.0766666666666666e-20
277.1,4.7085714285714284e-21,1,1.8757142857142858e-20
277.75,4.416666666666667e-21,1,1.9083333333333333e-20
278.4,4.367142857142857e-21,1,1.8614285714285718e-20
279.05,3.823333333333334e-21,1,2.1249999999999998e-20
279.7,3.2514285714285717e-21,1,2.2485714285714286e-20
280.34999999999997,2.5683333333333338e-21,1,2.0366666666666665e-20
281.0,2.674285714285714e-21,1,1.94e-20
281.65000000000003,2.1516666666666667e-21,1,1.893333333333333e-20
282.3,3.154285714285714e-21,1,1.8185714285714288e-20
282.95,2.826666666666667e-21,1,1.8450000000000002e-20
283.6,2.43e-21,1,1.8871428571428573e-20
284.25,2.33e-21,1,1.9400000000000003e-20
284.9,2.3371428571428568e-21,1,1.8799999999999998e-20
285.6,1.9528571428571428e-21,1,1.9257142857142857e-20
286.25,2.4916666666666668e-21,1,2.0499999999999997e-20
286.9,3.24e-21,1,2.087142857142857e-20
287.55,1.1883333333333333e-21,1,1.963333333333333e-20
288.2,2.1757142857142855e-21,1,1.8471428571428572e-20
288.9,1.7914285714285714e-21,1,1.9414285714285714e-20
289.55,1.2566666666666666e-21,1,1.96e-20
290.2,1.5242857142857142e-21,1,1.9014285714285716e-20
290.9,2.3657142857142855e-21,1,1.8885714285714287e-20
291.6,3.2119999999999998e-21,1,1.8685714285714287e-20
292.25,3.916666666666667e-21,1,1.8616666666666667e-20
292.9,5.4414285714285715e-21,1,1.8228571428571428e-20
293.6,2.39e-21,1,1.8500000000000003e-20
294.3,1.4728571428571428e-21,1,1.9328571428571428e-20
294.95,1.6550000000000002e-21,1,1.8783333333333332e-20
295.6,1.7242857142857146e-21,1,1.8785714285714284e-20
296.3,1.9528571428571428e-21,1,1.8671428571428572e-20
297.0,1.9142857142857142e-21,1,1.912857142857143e-20
297.7,1.1372857142857141e-21,1,1.7799999999999998e-20
298.4,0.0,0,1.815714285714286e-20
299.05,0.0,0,4.401666666666667e-20
299.7,0.0,0,7.464285714285713e-20
300.4,0.0,0,4.681428571428571e-20
301.1,0.0,0,1.811428571428571e-20
301.8,1.31e-21,1,3.415714285714285e-20
302.5,6.411428571428571e-21,1,4.298571428571429e-20
303.2,1.1175714285714287e-20,0,3.707142857142857e-20
303.9,6.172857142857143e-21,0,2.892857142857143e-20
304.6,4.1828571428571425e-21,0,1.8214285714285714e-20
305.3,3.9914285714285715e-21,0,1.8071428571428573e-20
306.0,4.185714285714286e-21,0,1.8442857142857146e-20
306.7,4.9571428571428575e-21,0,1.878571428571429e-20
307.4,4.620000000000001e-21,0,1.9385714285714286e-20
308.1,1.6857142857142855e-21,1,1.8814285714285713e-20
308.8,2.0014285714285715e-21,1,1.9228571428571428e-20
309.5,1.8142857142857143e-21,1,1.9399999999999997e-20
310.2,2.3057142857142858e-21,1,1.9957142857142856e-20
310.95,2.75125e-21,1,1.9925e-20
311.7,2.937142857142857e-21,1,1.931428571428571e-20
312.4,2.9742857142857147e-21,1,1.991428571428572e-20
313.1,3.3485714285714285e-21,1,1.9685714285714287e-20
313.8,4.365714285714286e-21,0,1.9199999999999996e-20
314.5,4.525714285714285e-21,0,1.9485714285714286e-20
315.25,4.45625e-21,0,1.87e-20
316.0,2.6585714285714285e-21,1,1.8485714285714283e-20
316.7,3.401428571428572e-21,1,1.8757142857142858e-20
317.4,4.228571428571429e-21,1,1.9185714285714285e-20
318.1,5.304285714285715e-21,1,1.94e-20
318.84999999999997,5.97375e-21,1,1.93625e-20
319.6,4.5799999999999995e-21,1,1.9399999999999997e-20
320.3,5.658571428571428e-21,1,1.8757142857142855e-20
321.05,7.43625e-21,1,1.8187500000000002e-20
321.8,7.101428571428571e-21,1,1.884285714285714e-20
322.5,7.041428571428572e-21,1,2.011428571428571e-20
323.25,7.206249999999998e-21,1,1.91e-20
324.0,6.792857142857143e-21,1,1.964285714285714e-20
324.7,7.197142857142858e-21,1,1.9914285714285716e-20
325.45,6.713749999999999e-21,1,1.96375e-20
326.2,6.118571428571428e-21,1,1.9285714285714282e-20
326.95,5.72125e-21,1,1.92625e-20
327.7,6.07e-21,1,1.9185714285714285e-20
328.45,7.01875e-21,1,1.8062499999999998e-20
329.2,9.23e-21,1,1.7914285714285713e-20
329.95,7.216249999999999e-21,1,1.8775e-20
330.7,7.686e-21,1,1.9657142857142855e-20
331.45,0.0,0,2.005e-20
332.2,0.0,0,2.0557142857142855e-20
332.95,0.0,0,2.1524999999999998e-20
333.7,0.0,0,2.194285714285714e-20
334.45,8.085000000000001e-21,1,1.9925e-20
335.2,5.59e-21,1,1.9857142857142856e-20
335.95,6.18e-21,1,2.09125e-20
336.75,4.1637500000000004e-21,1,1.99375e-20
337.5,3.461428571428571e-21,1,1.9657142857142855e-20
338.25,3.35875e-21,1,1.96e-20
339.05,3.0612500000000002e-21,1,1.83375e-20
339.8,2.83e-21,1,1.9142857142857145e-20
340.55,3.5262499999999996e-21,1,2.0587499999999997e-20
341.34999999999997,3.80875e-21,1,2.09375e-20
342.15000000000003,5.0187499999999996e-21,1,2.0249999999999998e-20
342.9,5.405714285714286e-21,1,2.0257142857142857e-20
343.65000000000003,7.8325e-21,1,1.99125e-20
344.45,8.966250000000002e-21,1,1.98125e-20
345.25,8.03125e-21,1,1.9887499999999998e-20
346.0,6.860000000000001e-21,1,2.0142857142857142e-20
346.75,5.3225e-21,1,2.07125e-20
347.55,7.13625e-21,1,1.995e-20
348.34999999999997,8.05625e-21,1,2.00375e-20
349.15000000000003,6.921250000000001e-21,1,1.9962499999999998e-20
349.95,4.855e-21,1,2.0224999999999997e-20
350.75,3.58625e-21,1,2.035e-20
351.55,2.74375e-21,1,2.0574999999999997e-20
352.34999999999997,2.1424999999999998e-21,1,2.08875e-20
353.1,2.414285714285714e-21,1,2.06e-20
353.84999999999997,4.393750000000001e-22,1,2.0337499999999998e-20
354.65000000000003,6e-22,1,1.9975e-20
355.45,2.735e-21,1,1.9512499999999998e-20
356.25,1.72625e-21,1,2.0575e-20
357.05,2.2500000000000002e-21,1,2.0362500000000002e-20
357.9,2.1783333333333335e-21,1,1.9944444444444444e-20
358.75,0.0,0,2.01625e-20
359.55,0.0,0,1.9825000000000002e-20
360.34999999999997,0.0,0,1.95875e-20
361.15000000000003,0.0,0,1.88625e-20
361.95,5.34e-21,0,1.94125e-20
362.75,5.677499999999999e-21,0,2.005e-20
363.55,2.20875e-21,1,1.8975e-20
364.4,2.4099999999999998e-21,1,1.937777777777778e-20
365.25,1.89375e-21,1,1.9725e-20
366.05,1.556125e-21,1,1.99125e-20
366.84999999999997,1.4687499999999999e-21,1,1.9725e-20
367.65000000000003,1.4612499999999998e-21,1,1.9675e-20
368.5,1.5088888888888892e-21,1,1.9144444444444447e-20
369.34999999999997,1.7249999999999997e-21,1,1.9575e-20
370.15000000000003,2.06875e-21,1,2.015e-20
371.0,1.972222222222222e-21,1,2.1188888888888893e-20
371.84999999999997,2.06e-21,1,2.3375e-20
372.65000000000003,1.9775e-21,1,2.4400000000000004e-20
373.5,1.8888888888888886e-21,1,2.1533333333333333e-20
374.34999999999997,1.66875e-21,1,2.02625e-20
375.15000000000003,2.159625e-21,1,2.07e-20
376.0,1.6733333333333332e-21,1,2.0322222222222222e-20
376.84999999999997,1.8674999999999997e-21,1,2.0799999999999998e-20
377.70000000000005,1.714444444444444e-21,1,2.1555555555555556e-20
378.55,1.405e-21,1,2.105e-20
379.4,1.3455555555555556e-21,1,2.0855555555555556e-20
380.25,1.3825e-21,1,1.9925e-20
381.1,1.4444444444444445e-21,1,1.9322222222222225e-20
381.95,1.3875e-21,1,2.0375000000000002e-20
382.79999999999995,1.2057777777777778e-21,1,2.098888888888889e-20
383.65000000000003,1.9105e-21,1,1.95875e-20
384.5,5.871111111111111e-21,0,1.9577777777777775e-20
385.34999999999997,6.12125e-21,0,2.02125e-20
386.20000000000005,3.0678888888888895e-21,1,2.0533333333333336e-20
387.1,2.5066666666666664e-22,1,2.0844444444444444e-20
387.95,1.6827499999999999e-21,1,2.06875e-20
388.79999999999995,2.1055555555555554e-21,1,2.0855555555555556e-20
389.70000000000005,3.695555555555556e-21,1,2.0555555555555556e-20
390.55,3.1075e-21,1,2.0525e-20
391.4,2.958888888888889e-21,1,2.0822222222222224e-20
392.29999999999995,2.2055555555555557e-21,1,2.1144444444444445e-20
393.20000000000005,1.6722222222222223e-21,1,2.1044444444444444e-20
394.05,1.52125e-21,1,2.0987500000000002e-20
394.9,1.551111111111111e-21,1,2.081111111111111e-20
395.79999999999995,1.5966666666666665e-21,1,2.0077777777777777e-20
396.70000000000005,1.4033333333333334e-21,1,2.07e-20
397.6,1.2515555555555557e-21,1,2.0288888888888887e-20
398.5,9.292222222222223e-22,1,2.1111111111111112e-20
399.34999999999997,9.775e-22,1,2.1537500000000002e-20
400.20000000000005,8.364444444444444e-22,1,2.072222222222222e-20
401.1,1.302888888888889e-21,1,2.0988888888888886e-20
402.0,1.1546666666666666e-21,1,2.1255555555555555e-20
402.9,1.727777777777778e-21,1,2.0266666666666664e-20
403.79999999999995,1.7542222222222224e-21,1,2.0366666666666665e-20
404.70000000000005,2.2e-21,1,2.1344444444444445e-20
405.6,1.298888888888889e-21,1,2.0922222222222224e-20
406.5,2.9652222222222223e-21,1,2.0344444444444442e-20
407.4,1.9399999999999998e-21,1,2.12e-20
408.29999999999995,1.9244444444444446e-21,1,2.1333333333333335e-20
409.20000000000005,2.0616666666666666e-21,1,1.0605555555555556e-19
410.1,0.0,0,4.0100000000000007e-19
411.05,4.443333333333334e-21,1,2.4973e-19
412.0,4.6733333333333334e-21,1,2.18e-20
412.9,4.244444444444445e-21,1,2.171111111111111e-20
413.79999999999995,3.844444444444445e-21,1,2.242222222222222e-20
414.70000000000005,2.8311111111111107e-21,1,2.171111111111111e-20
415.6,2.606666666666667e-21,1,2.0311111111111113e-20
416.55,1.716e-21,1,2.021e-20
417.5,1.744444444444444e-21,1,2.1e-20
418.4,1.55e-21,1,2.15e-20
419.29999999999995,0.0,0,2.171111111111111e-20
420.25,0.0,0,2.1230000000000003e-20
421.20000000000005,0.0,0,2.0455555555555555e-20
422.1,1.39e-21,1,2.0844444444444444e-20
423.05,7.008e-22,1,2.031e-20
424.0,4.6e-22,1,2.003333333333333e-20
424.9,5.453333333333333e-22,1,2.0555555555555556e-20
425.85,3.2975e-21,1,2.11e-20
426.79999999999995,3.557777777777778e-21,1,2.074444444444444e-20
427.75,1.632e-21,1,2.161e-20
428.70000000000005,2.3288888888888893e-21,1,2.2244444444444445e-20
429.65,2.9459999999999995e-21,1,2.2679999999999997e-20
430.6,3.73e-21,1,2.2222222222222222e-20
431.55,5.146e-21,1,2.1270000000000003e-20
432.5,3.59e-21,1,2.0755555555555553e-20
433.45,3.527e-21,1,2.1059999999999997e-20
434.4,3.3377777777777783e-21,1,2.1111111111111115e-20
435.35,3.789999999999999e-21,1,2.145e-20
436.35,4.414e-21,1,2.136e-20
437.29999999999995,3.89111111111111e-21,1,2.1733333333333337e-20
438.25,2.423e-21,1,2.1709999999999997e-20
439.25,1.6760000000000002e-21,1,2.1300000000000003e-20
440.20000000000005,1.716666666666667e-21,1,2.1433333333333333e-20
441.15,1.948e-21,1,2.188e-20
442.15,2.373e-21,1,2.2140000000000002e-20
443.1,2.401111111111111e-21,1,2.1866666666666666e-20
444.05,1.7336000000000003e-21,1,2.263e-20
445.05,1.11e-21,1,2.319e-20
446.05,1.2570000000000002e-21,1,2.2380000000000002e-20
447.05,1.4480000000000002e-21,1,2.225e-20
448.05,1.919e-21,1,2.3429999999999998e-20
449.0,3.5088888888888895e-21,1,2.2900000000000002e-20
449.95,2.9109999999999995e-21,1,2.208e-20
450.95,2.6349999999999998e-21,1,2.1520000000000002e-20
451.95,2.5140000000000004e-21,1,2.1989999999999997e-20
452.95,3.0480000000000003e-21,1,2.2350000000000005e-20
453.95,3.7139999999999996e-21,1,2.2879999999999998e-20
454.95,5.489999999999999e-21,1,2.237e-20
455.94999999999993,6.488e-21,1,2.167e-20
456.94999999999993,5.466e-21,1,2.2150000000000004e-20
457.94999999999993,4.502e-21,1,2.172e-20
458.94999999999993,6.104e-21,1,2.189e-20
459.94999999999993,7.138e-21,0,2.2529999999999998e-20
460.94999999999993,7.735999999999999e-21,0,2.293e-20
461.99999999999994,8.489999999999999e-21,0,2.3427272727272725e-20
463.05,1.0183999999999999e-20,0,2.264e-20
464.05,1.0720000000000001e-20,0,2.3439999999999997e-20
465.05,9.653000000000001e-21,0,2.3860000000000002e-20
466.05,8.271e-21,0,2.4019999999999998e-20
467.1,7.05e-21,0,2.430909090909091e-20
468.15,7.363e-21,0,2.5590000000000002e-20
469.15,2.334e-21,1,2.5359999999999998e-20
470.15,1.5097e-21,1,2.5999999999999996e-20
471.2,7.217272727272727e-21,1,2.587272727272727e-20
472.25,3.764e-21,1,2.5279999999999996e-20
473.25,4.6330000000000006e-21,1,2.711e-20
474.3,2.8763636363636368e-21,1,2.837272727272727e-20
475.35,5.431e-21,1,2.898e-20
476.4,8.477272727272727e-21,1,2.9390909090909095e-20
477.44999999999993,1.3825e-20,1,2.8750000000000004e-20
478.44999999999993,1.6100000000000002e-20,1,2.7679999999999994e-20
479.49999999999994,0.0,0,2.7345454545454546e-20
480.55,0.0,0,2.757e-20
481.6,9.960000000000001e-21,1,2.6563636363636365e-20
482.7,1.151818181818182e-20,1,2.6018181818181815e-20
483.75,1.2829999999999998e-20,1,2.5769999999999998e-20
484.8,1.2663636363636365e-20,1,2.6009090909090912e-20
485.85,1.2286000000000001e-20,1,2.611e-20
486.9,1.1614545454545455e-20,1,2.5000000000000002e-20
487.99999999999994,6.645454545454545e-21,1,2.5527272727272725e-20
489.05,1.1349999999999999e-20,1,2.551e-20
490.1,8.047272727272728e-21,1,2.561818181818181e-20
491.2,7.568181818181818e-21,1,2.5463636363636364e-20
492.25,6.747000000000001e-21,1,2.521e-20
493.3,6.762727272727271e-21,1,2.5190909090909088e-20
494.4,8.711818181818182e-21,1,2.5363636363636355e-20
495.49999999999994,8.340000000000001e-21,1,2.4554545454545456e-20
496.6,0.0,0,2.3372727272727273e-20
497.65,0.0,0,2.4149999999999998e-20
498.7,0.0,0,2.3972727272727272e-20
499.8,0.0,0,2.3354545454545452e-20
500.9,0.0,0,4.7800000000000004e-20
501.99999999999994,0.0,0,6.463636363636364e-20
503.1,0.0,0,4.9409090909090915e-20
504.2,0.0,0,4.879181818181818e-19
505.3,0.0,0,5.674545454545454e-19
506.4,0.0,0,7.966363636363637e-20
507.49999999999994,0.0,0,4.0699999999999997e-20
508.6,0.0,0,3.8045454545454546e-20
509.7,0.0,0,1.1639090909090907e-19
510.8,0.0,0,1.9254545454545453e-19
511.9,0.0,0,9.300909090909091e-20
513.0,0.0,0,9.822727272727273e-20
514.15,0.0,0,8.774999999999999e-20
515.3000000000001,8.103333333333333e-21,1,2.5854545454545454e-20
516.4,6.159090909090909e-21,1,3.0827272727272724e-20
517.5,5.6872727272727275e-21,1,2.9809090909090914e-20
518.65,4.877500000000001e-21,1,2.483333333333334e-20
519.8000000000001,4.7472727272727274e-21,1,2.4909090909090914e-20
520.9,4.856363636363637e-21,1,2.532727272727273e-20
522.0500000000001,4.601666666666667e-21,1,2.5033333333333335e-20
523.1999999999999,4.836363636363636e-21,1,2.3672727272727274e-20
524.3000000000001,5.095454545454546e-21,1,2.36e-20
525.4499999999999,6.666666666666667e-21,1,2.4283333333333337e-20
526.6,6.633636363636365e-21,1,2.575454545454545e-20
527.75,7.278333333333333e-21,1,2.6333333333333336e-20
528.9,5.4081818181818186e-21,1,2.6690909090909093e-20
530.0,3.149090909090909e-21,1,2.5918181818181817e-20
531.15,5.2933333333333336e-21,1,2.5199999999999994e-20
532.35,4.723333333333333e-21,1,2.4608333333333333e-20
533.5,5.796363636363637e-21,1,2.4345454545454543e-20
534.65,6.606666666666667e-21,1,2.4574999999999997e-20
535.8000000000001,6.1954545454545444e-21,1,2.538181818181818e-20
536.9499999999999,6.559166666666666e-21,1,2.585e-20
538.15,5.62e-21,1,2.5458333333333337e-20
539.3000000000001,0.0,0,2.7581818181818183e-20
540.4499999999999,0.0,0,2.8299999999999995e-20
541.65,1.0686666666666666e-20,1,2.5499999999999995e-20
542.8000000000001,1.0216363636363635e-20,1,2.432727272727273e-20
543.9499999999999,9.82e-21,1,2.5591666666666667e-20
545.15,7.615e-21,1,2.5933333333333332e-20
546.35,6.77e-21,1,2.559166666666667e-20
547.5500000000001,8.75e-21,1,2.556666666666666e-20
548.6999999999999,1.3127272727272727e-20,1,2.544545454545454e-20
549.85,1.7650000000000002e-20,1,2.560833333333333e-20
551.0500000000001,2.1558333333333334e-20,1,2.6458333333333334e-20
552.25,2.0983333333333333e-20,1,3.0733333333333334e-20
553.4499999999999,2.1599999999999998e-20,1,2.979166666666667e-20
554.65,1.3608333333333335e-20,1,2.6341666666666673e-20
555.85,1.4349999999999998e-20,1,2.7125000000000004e-20
557.0500000000001,1.4908333333333336e-20,1,2.906666666666666e-20
558.25,1.2041666666666667e-20,1,3.623333333333334e-20
559.4499999999999,1.0074166666666668e-20,1,3.522500000000001e-20
560.65,8.6e-21,1,2.850833333333333e-20
561.9,8.707692307692305e-21,1,2.556923076923077e-20
563.15,7.380833333333333e-21,1,2.4816666666666665e-20
564.35,7.731666666666666e-21,1,2.585833333333333e-20
565.5500000000001,9.371666666666668e-21,1,2.5899999999999996e-20
566.75,1.0153333333333335e-20,1,2.5833333333333328e-20
568.0,1.0584615384615386e-20,1,2.5153846153846153e-20
569.25,1.1758333333333335e-20,1,2.479166666666667e-20
570.4499999999999,1.4008333333333333e-20,1,2.5541666666666665e-20
571.65,1.8366666666666668e-20,1,2.6466666666666663e-20
572.9,2.3546153846153845e-20,1,2.8776923076923074e-20
574.15,2.8125e-20,1,3.1166666666666656e-20
575.4,3.0523076923076927e-20,1,2.9469230769230765e-20
576.65,2.6725e-20,1,2.5358333333333334e-20
577.85,2.2049999999999998e-20,1,2.5333333333333327e-20
579.1,1.6338461538461535e-20,1,2.5530769230769223e-20
580.35,8.823333333333334e-21,1,2.4708333333333336e-20
581.6,4.7246153846153845e-21,1,2.6184615384615383e-20
582.85,7.180833333333332e-21,1,2.700833333333334e-20
584.1,1.1784615384615384e-20,1,2.613846153846154e-20
585.4,1.5546153846153847e-20,1,2.586153846153846e-20
586.65,1.834166666666667e-20,1,2.5608333333333324e-20
587.9,1.1493076923076923e-20,1,2.579230769230769e-20
589.2,1.0323076923076926e-20,1,2.5730769230769226e-20
590.4499999999999,7.174999999999999e-21,1,2.6041666666666664e-20
591.7,8.985384615384614e-21,1,2.5776923076923074e-20
593.0,9.743846153846154e-21,1,2.5569230769230768e-20
594.3,1.0662307692307693e-20,1,2.5907692307692305e-20
595.5500000000001,7.344166666666667e-21,1,2.5941666666666666e-20
596.8,6.4861538461538465e-21,1,2.4892307692307694e-20
598.1,5.7033333333333324e-21,1,2.8046153846153853e-20
599.4,0.0,0,3.1046153846153844e-20
600.7,0.0,0,2.834615384615385e-20
602.0,2.447142857142857e-21,1,2.7007692307692308e-20
603.3,3.79e-21,1,2.75e-20
604.6,5.940615384615384e-21,1,2.936923076923077e-20
605.9,3.7523076923076926e-21,1,3.588461538461539e-20
607.2,1.8476923076923075e-21,1,3.510769230769231e-20
608.5,2.2684615384615384e-21,1,2.633076923076923e-20
609.8,3.503846153846154e-21,1,2.6292307692307695e-20
611.1,4.2361538461538456e-21,1,2.598461538461538e-20
612.4,3.496153846153846e-21,1,2.732307692307693e-20
613.7,2.298461538461538e-21,1,2.739230769230769e-20
615.0,2.9084615384615383e-21,1,2.669230769230769e-20
616.35,2.4107142857142857e-21,1,2.755e-20
617.7,2.093076923076923e-21,1,2.776923076923077e-20
619.0,2.382307692307692e-21,1,2.6576923076923073e-20
620.3,2.863846153846154e-21,1,2.7007692307692302e-20
621.65,4.994285714285714e-21,1,2.719285714285714e-20
623.0,7.405384615384615e-21,1,2.63e-20
624.35,7.756428571428573e-21,1,2.6635714285714286e-20
625.7,7.226153846153844e-21,1,2.6876923076923083e-20
627.0,7.503846153846153e-21,1,2.6246153846153845e-20
628.35,7.43857142857143e-21,1,2.6807142857142858e-20
629.7,9.288461538461538e-21,1,2.8123076923076913e-20
631.0500000000001,8.700714285714286e-21,1,2.817142857142857e-20
632.4000000000001,8.026923076923077e-21,1,2.813846153846154e-20
633.75,7.556428571428572e-21,1,2.6942857142857145e-20
635.1000000000001,5.658461538461539e-21,1,2.626923076923077e-20
636.45,6.3042857142857145e-21,1,2.584285714285714e-20
637.85,6.4157142857142856e-21,1,2.6628571428571424e-20
639.2,8.60692307692308e-21,1,2.7769230769230774e-20
640.5500000000001,1.0951428571428571e-20,1,2.8271428571428566e-20
641.95,1.2207142857142853e-20,1,2.7321428571428577e-20
643.35,1.2764285714285713e-20,1,2.61e-20
644.7,1.3246153846153845e-20,1,2.6638461538461534e-20
646.0500000000001,1.1500000000000001e-20,1,2.6714285714285722e-20
647.45,8.85857142857143e-21,1,2.6092857142857147e-20
648.85,5.4307142857142865e-21,1,2.7285714285714286e-20
650.25,4.5185714285714285e-21,1,2.810714285714286e-20
651.65,3.9492857142857136e-21,1,2.720714285714286e-20
653.0500000000001,2.7978571428571432e-21,1,2.6085714285714288e-20
654.45,2.2307142857142852e-21,1,2.712142857142857e-20
655.85,2.51e-21,1,2.735e-20
657.25,2.253571428571429e-21,1,2.765714285714285e-20
658.65,2.14e-21,1,2.7442857142857147e-20
660.0500000000001,0.0,0,2.742142857142857e-20
661.45,2.5999999999999998e-21,1,2.7128571428571426e-20
662.85,2.6592857142857147e-21,1,2.7407142857142856e-20
664.25,2.6507142857142854e-21,1,2.768571428571429e-20
665.65,2.7550000000000002e-21,1,2.743571428571429e-20
667.1,5.426e-21,1,2.76e-20
668.5500000000001,6.1099999999999985e-21,1,2.652857142857143e-20
669.95,4.591428571428572e-21,1,2.7807142857142864e-20
671.4,3.3860000000000006e-21,1,2.821999999999999e-20
672.85,2.3692857142857144e-21,1,2.8549999999999997e-20
674.25,2.147142857142857e-21,1,2.822142857142857e-20
675.7,1.8340000000000002e-21,1,2.757333333333333e-20
677.15,1.651428571428572e-21,1,2.7728571428571433e-20
678.6,4.3401333333333334e-21,1,2.796e-20
680.0500000000001,1.5621428571428572e-21,1,2.943571428571429e-20
681.5000000000001,2.0321333333333333e-21,1,2.906666666666667e-20
682.95,8.622857142857142e-22,1,2.8499999999999995e-20
684.4,1.1226666666666666e-21,1,2.7900000000000005e-20
685.85,1.1407142857142858e-21,1,2.804285714285714e-20
687.3,3.3163333333333333e-21,1,2.802666666666666e-20
688.8,2.314666666666667e-21,1,2.7799999999999996e-20
690.25,1.6142857142857142e-21,1,2.823571428571428e-20
691.7,1.0766666666666667e-21,1,2.8e-20
693.2,1.1629333333333334e-21,1,2.874666666666666e-20
694.7,5.518666666666667e-21,1,2.867333333333333e-20
696.15,3.726428571428572e-21,1,2.902142857142857e-20
697.6,2.2280000000000003e-21,1,2.9553333333333335e-20
699.1,2.7413333333333334e-21,1,2.890666666666666e-20
700.6,1.8673333333333334e-21,1,2.9626666666666676e-20
702.1,5.740000000000001e-21,1,2.9686666666666665e-20
703.6,6.117333333333333e-21,0,2.9346666666666676e-20
705.1,1.8395333333333335e-21,1,2.993333333333333e-20
706.6,2.11e-21,1,2.92e-20
708.1,2.9726666666666667e-21,1,2.92e-20
709.6,3.2059999999999998e-21,1,2.9926666666666674e-20
711.1,2.905333333333333e-21,1,2.8913333333333325e-20
712.6,2.0619999999999996e-21,1,2.852666666666667e-20
714.1,2.0613333333333333e-21,1,2.8860000000000006e-20
715.65,2.17e-21,1,3.01375e-20
717.2,4.995333333333334e-21,1,3.0813333333333334e-20
718.7,1.99e-21,1,3.1020000000000004e-20
720.2,0.0,0,2.9926666666666674e-20
721.75,1.2283333333333334e-21,1,2.9462500000000003e-20
723.3,5.855333333333332e-21,1,3.076666666666666e-20
724.8,3.494666666666667e-21,1,3.082666666666666e-20
726.35,2.338125e-21,1,3.029375e-20
727.9,7.170666666666666e-21,0,3.071333333333333e-20
729.45,7.77875e-21,0,3.0168749999999996e-20
731.0000000000001,8.212666666666667e-21,0,3.054666666666667e-20
732.55,9.33e-21,0,3.1256249999999996e-20
734.1,5.975800000000001e-21,1,3.1533333333333325e-20
735.65,2.4925e-21,1,3.084375e-20
737.25,3.7343750000000006e-21,1,2.98625e-20
738.8,3.2879999999999993e-21,1,3.0186666666666663e-20
740.35,3.8660625000000005e-21,1,3.08875e-20
741.95,2.525625e-21,1,3.12e-20
743.5000000000001,2.6586666666666668e-21,1,3.119333333333333e-20
745.05,3.845625000000001e-21,1,3.0768750000000004e-20
746.65,1.5070625e-21,1,3.0825e-20
748.25,3.5708750000000004e-21,1,3.124375e-20
749.85,4.1611874999999995e-21,1,3.14625e-20
751.45,7.434375e-21,1,3.138125e-20
753.05,4.42875e-21,1,3.15125e-20
754.65,2.8575e-21,1,3.0950000000000004e-20
756.25,3.246875e-21,1,3.07625e-20
757.85,3.73625e-21,1,3.07375e-20
759.45,3.764375e-21,1,2.9806249999999996e-20
761.05,3.2662500000000004e-21,1,3.019375e-20
762.65,2.67375e-21,1,3.0162499999999996e-20
764.25,3.355e-21,1,3.094375e-20
765.85,3.3281250000000003e-21,1,3.0775e-20
767.5,4.528823529411765e-21,1,3.0752941176470585e-20
769.15,4.7625e-21,1,3.158125e-20
770.75,6.339375000000001e-21,0,3.115625e-20
772.35,6.1637500000000006e-21,0,3.0737500000000003e-20
774.0,6.484117647058825e-21,0,3.16e-20
775.65,6.596875e-21,0,3.2075000000000006e-20
777.3000000000001,3.775e-21,1,3.1435294117647056e-20
778.95,0.0,0,3.25875e-20
780.5999999999999,0.0,0,3.2817647058823533e-20
782.25,5.138181818181819e-21,1,3.1306250000000004e-20
783.9000000000001,3.513529411764706e-21,1,3.176470588235294e-20
785.55,3.03625e-21,1,3.22125e-20
787.1999999999999,1.4923529411764706e-21,1,3.18e-20
788.9000000000001,6.392352941176471e-21,1,3.1694117647058825e-20
790.55,3.7189375e-21,1,3.1637500000000003e-20
792.1999999999999,4.9164705882352946e-21,1,3.243529411764706e-20
793.9000000000001,3.691176470588236e-21,1,3.384117647058823e-20
795.5999999999999,6.489411764705883e-21,0,3.288823529411765e-20
797.25,6.44375e-21,0,3.136875e-20
798.9000000000001,7.950588235294118e-21,0,3.1858823529411765e-20
800.5999999999999,7.057058823529413e-21,0,3.2005882352941177e-20
802.3000000000001,4.798235294117647e-21,0,3.3358823529411766e-20
804.0,4.339411764705882e-21,1,3.329411764705882e-20
805.6999999999999,4.413529411764705e-21,1,3.420588235294118e-20
807.4000000000001,3.3988235294117654e-21,1,3.450588235294118e-20
809.0999999999999,2.8535294117647056e-21,1,3.4647058823529414e-20
810.8000000000001,1.9870588235294115e-21,1,3.3776470588235295e-20
812.5,2.1594117647058825e-21,1,3.2647058823529414e-20
814.25,2.9483333333333334e-21,1,3.3105555555555566e-20
816.0,2.5476470588235293e-21,1,3.3688235294117646e-20
817.6999999999999,3.0741176470588236e-21,1,3.3194117647058827e-20
819.4000000000001,2.120588235294118e-21,1,3.322352941176471e-20
821.15,4.9005555555555555e-21,1,3.4577777777777773e-20
822.9000000000001,4.295294117647059e-21,1,3.4094117647058815e-20
824.5999999999999,5.641176470588236e-21,1,3.298823529411764e-20
826.35,7.035555555555557e-21,1,3.45e-20
828.0999999999999,8.103529411764706e-21,1,3.7041176470588235e-20
829.85,4.678333333333334e-21,1,3.518888888888889e-20
831.5999999999999,3.3588235294117644e-21,1,3.355294117647059e-20
833.35,6.0704999999999994e-21,1,3.5399999999999996e-20
835.0999999999999,3.870588235294118e-21,1,3.5817647058823524e-20
836.85,6.275555555555555e-21,1,4.345555555555556e-20
838.65,7.42e-21,1,5.213888888888889e-20
840.4000000000001,0.0,0,3.9888235294117647e-20
842.15,7.501818181818182e-21,1,3.538888888888889e-20
843.95,2.912222222222222e-21,1,3.547777777777778e-20
845.75,8.675555555555554e-21,1,3.605e-20
847.5,4.0929411764705885e-21,1,3.538823529411765e-20
849.25,7.184444444444444e-21,1,3.4227777777777774e-20
851.05,6.476666666666666e-21,1,3.435555555555556e-20
852.85,8.500555555555556e-21,0,3.3699999999999993e-20
854.65,6.755000000000001e-21,1,3.3711111111111106e-20
856.45,3.635555555555555e-21,1,3.450555555555556e-20
858.25,5.361666666666667e-21,1,3.629444444444444e-20
860.05,3.7005555555555555e-21,1,4.219999999999999e-20
861.85,6.7033333333333325e-21,1,4.285e-20
863.6999999999999,7.59578947368421e-21,1,3.583157894736842e-20
865.55,6.219444444444445e-21,1,3.4694444444444446e-20
867.35,6.7272222222222234e-21,1,3.4750000000000004e-20
869.15,2.4316666666666667e-21,1,3.4550000000000003e-20
871.0,2.942631578947369e-21,1,3.439473684210526e-20
872.85,3.987222222222223e-21,1,3.457777777777778e-20
874.65,6.263888888888889e-21,1,3.436111111111111e-20
876.5,7.366842105263158e-21,0,3.39578947368421e-20
878.35,6.91e-21,0,3.5338888888888893e-20
880.1999999999999,6.419473684210526e-21,0,3.627894736842106e-20
882.05,6.1088888888888886e-21,0,3.546111111111111e-20
883.9000000000001,4.082105263157894e-21,0,3.464736842105263e-20
885.75,7.626666666666665e-21,0,3.536666666666667e-20
887.6,9.036842105263159e-21,0,3.626315789473684e-20
889.5,7.77578947368421e-21,0,3.683157894736841e-20
891.35,8.171111111111112e-21,0,3.6794444444444443e-20
893.1999999999999,9.497894736842105e-21,0,3.666842105263157e-20
895.1,1.0086315789473685e-20,0,3.686842105263158e-20
897.0,1.0842105263157895e-20,0,3.7705263157894736e-20
898.9000000000001,1.05e-20,0,3.8094736842105265e-20
900.75,0.0,0,3.8277777777777776e-20
902.6,7.724375e-21,0,3.742105263157895e-20
904.5,8.511578947368421e-21,0,3.611052631578948e-20
906.4000000000001,7.837368421052631e-21,0,3.6852631578947364e-20
908.3000000000001,9.085263157894736e-21,0,3.792631578947368e-20
910.25,8.110500000000003e-21,0,3.759999999999999e-20
912.1999999999998,6.6494736842105274e-21,0,3.5731578947368424e-20
914.1,6.71684210526316e-21,0,3.524210526315789e-20
916.0000000000002,8.157368421052632e-21,0,3.472105263157895e-20
917.9,1.0979473684210526e-20,0,3.5936842105263155e-20
919.85,8.5195e-21,0,3.756999999999999e-20
921.8000000000001,7.504736842105263e-21,0,3.754736842105264e-20
923.6999999999998,9.793684210526315e-21,0,3.798947368421052e-20
925.65,9.299500000000002e-21,0,3.642500000000001e-20
927.6,6.741052631578947e-21,0,3.5500000000000005e-20
929.5500000000002,7.570999999999998e-21,0,3.634999999999999e-20
931.5000000000002,7.366315789473683e-21,0,3.724736842105263e-20
933.45,7.360999999999999e-21,0,3.7645e-20
935.4,4.463842105263158e-21,1,3.790526315789473e-20
937.35,5.4978499999999994e-21,1,3.769e-20
939.3000000000001,8.795263157894736e-22,1,3.763157894736842e-20
941.2499999999998,1.1500000000000002e-21,1,3.7615e-20
943.2499999999998,1.464e-21,1,3.784e-20
945.2499999999998,6.456000000000001e-21,0,3.806e-20
947.2499999999998,7.776e-21,0,3.7164999999999995e-20
949.1999999999998,7.104736842105262e-21,0,3.7947368421052634e-20
951.15,7.434499999999999e-21,0,3.9230000000000005e-20
953.15,6.310999999999999e-21,0,3.7805e-20
955.15,7.1685e-21,0,3.7504999999999996e-20
957.15,7.369473684210526e-21,0,3.8225000000000005e-20
959.15,0.0,0,3.8044999999999997e-20
961.15,8.48e-21,0,3.7775e-20
963.2,8.184285714285714e-21,0,3.7995238095238094e-20
965.25,8.221000000000002e-21,0,3.8405e-20
967.25,4.97565e-21,1,3.744e-20
969.25,5.7730000000000005e-21,1,3.7590000000000003e-20
971.3,8.822380952380955e-21,0,3.8080952380952386e-20
973.35,1.2880000000000001e-20,0,3.885000000000001e-20
975.35,3.0374999999999997e-21,1,3.832e-20
977.4000000000001,2.0247619047619045e-21,1,3.7647619047619046e-20
979.45,2.3330000000000002e-21,1,3.761e-20
981.5,7.242857142857143e-21,1,3.76047619047619e-20
983.55,7.4925e-21,0,3.8335e-20
985.5999999999999,8.11e-21,0,3.844285714285715e-20
987.65,0.0,0,3.8680000000000005e-20
989.7,0.0,0,3.8519047619047623e-20
991.8,0.0,0,3.891428571428571e-20
993.9000000000001,0.0,0,4.003809523809524e-20
995.95,0.0,0,7.83e-20
998.0,0.0,0,8.326666666666665e-19
1000.0999999999999,0.0,0,1.3985714285714286e-18
1002.2,0.0,0,6.056000000000001e-19
1004.3,0.0,0,4.1838095238095234e-20
1006.4000000000001,0.0,0,4.078095238095238e-20
1008.5,0.0,0,4.1795238095238094e-20
1010.5999999999999,0.0,0,4.518571428571428e-20
1012.7,0.0,0,4.356666666666667e-20
1014.85,8.408e-21,0,4.031363636363636e-20
1017.0,7.845238095238095e-21,0,4.0319047619047617e-20
1019.0999999999999,0.0,0,4.022380952380952e-20
1021.2,8.083333333333335e-21,0,3.9561904761904754e-20
1023.35,9.674090909090909e-21,0,3.993636363636363e-20
1025.5,9.007619047619047e-21,0,4.004285714285714e-20
1027.6,6.212857142857143e-21,0,4.0776190476190475e-20
1029.75,9.460454545454548e-21,0,4.0209090909090905e-20
1031.9,1.2004761904761905e-20,0,4.003333333333333e-20
1034.05,9.454090909090909e-21,0,4.075e-20
1036.25,7.943636363636365e-21,0,4.0386363636363634e-20
1038.4,9.074761904761905e-21,0,4.1452380952380956e-20
1040.55,9.428636363636366e-21,0,4.135454545454546e-20
1042.75,1.076e-20,0,4.12e-20
1044.9,1.1304761904761906e-20,0,4.127142857142858e-20
1047.05,8.904545454545455e-21,0,4.2472727272727266e-20
1049.25,8.492272727272728e-21,0,4.244090909090909e-20
1051.45,8.495000000000001e-21,1,4.1349999999999994e-20
1053.6499999999999,8.146863636363635e-21,1,4.124090909090909e-20
1055.8500000000001,8.126818181818182e-21,0,4.0327272727272726e-20
1058.05,7.130772727272726e-21,1,4.007727272727273e-20
1060.25,1.3238636363636363e-21,1,4.045909090909092e-20
1062.45,2.1486363636363638e-21,1,4.1268181818181815e-20
1064.6499999999999,1.0335909090909092e-20,0,4.1754545454545467e-20
1066.9,1.0504347826086956e-20,0,4.076521739130435e-20
1069.1499999999999,9.559090909090909e-21,0,4.141818181818182e-20
1071.3500000000001,7.129181818181816e-21,1,4.227272727272728e-20
1073.6,1.6526086956521738e-21,1,4.2304347826086957e-20
1075.8500000000001,1.1756363636363633e-21,1,4.2531818181818174e-20
1078.05,1.5195454545454545e-21,1,4.2663636363636355e-20
1080.3,0.0,0,4.293478260869564e-20
1082.55,1.0395117647058822e-20,1,6.09681818181818e-20
1084.8,1.6498260869565216e-20,1,6.003043478260871e-20
1087.1,1.715739130434783e-21,1,4.198260869565217e-20
1089.3500000000001,6.343636363636364e-21,1,4.280909090909091e-20
1091.6,8.419999999999999e-21,0,4.196521739130435e-20
1093.9,9.344782608695653e-21,0,4.193043478260869e-20
1096.2,7.544173913043478e-21,1,4.280434782608696e-20
1098.45,9.265454545454547e-21,0,4.183181818181818e-20
1100.7,1.056086956521739e-20,0,4.24e-20
1103.0,1.0261304347826088e-20,0,4.4365217391304357e-20
1105.3,9.033043478260869e-21,0,4.404347826086956e-20
1107.6,1.0031304347826085e-20,0,4.356086956521738e-20
1109.9,8.82608695652174e-21,0,4.449565217391305e-20
1112.2,8.222173913043478e-21,0,4.359565217391305e-20
1114.55,4.010916666666667e-21,1,4.1949999999999996e-20
1116.9,1.4943043478260869e-21,1,4.232608695652174e-20
1119.2,1.9504347826086952e-21,1,4.454782608695653e-20
1121.5,9.718260869565218e-21,1,4.5643478260869555e-20
1123.85,9.67375e-21,0,4.532083333333333e-20
1126.2,1.144782608695652e-20,0,4.400869565217392e-20
1128.55,4.3943749999999995e-21,1,4.381666666666666e-20
1130.9,7.13408695652174e-21,1,4.40304347826087e-20
1133.25,8.980416666666668e-21,0,4.4695833333333335e-20
1135.6,9.353043478260868e-21,0,4.400869565217392e-20
1137.95,1.4730769230769228e-20,0,4.346666666666667e-20
1140.35,0.0,0,4.399583333333333e-20
1142.7,9.699631578947367e-21,1,4.504782608695652e-20
1145.05,1.2564583333333332e-20,0,4.510416666666667e-20
1147.45,1.0226249999999999e-20,0,4.5983333333333335e-20
1149.85,9.5275e-21,0,4.8479166666666665e-20
1152.25,1.2470833333333332e-20,0,6.292083333333334e-20
1154.6499999999999,9.939166666666668e-21,0,6.030416666666667e-20
1157.05,9.039583333333332e-21,0,4.571666666666667e-20
1159.45,1.0036666666666667e-20,0,4.47875e-20
1161.85,1.0398333333333333e-20,0,4.53375e-20
1164.25,9.73625e-21,0,4.6258333333333326e-20
1166.6499999999999,7.805833333333333e-21,0,4.59625e-20
1169.1,1.00444e-20,0,4.4968e-20
1171.55,9.52e-21,0,4.510833333333333e-20
1173.95,1.2643333333333333e-20,0,4.6525e-20
1176.3999999999999,1.2086400000000002e-20,0,4.7632e-20
1178.85,1.1193333333333333e-20,0,4.7195833333333333e-20
1181.3,1.0710400000000001e-20,0,4.5572e-20
1183.75,1.1709166666666667e-20,0,4.454583333333333e-20
1186.2,1.0516e-20,0,4.5924e-20
1188.6499999999999,1.1334166666666668e-20,0,4.600833333333333e-20
1191.1,9.422799999999999e-21,0,4.5352000000000006e-20
1193.6,9.6224e-21,0,4.5019999999999994e-20
1196.1,8.562e-21,0,4.6379999999999995e-20
1198.55,9.78e-21,0,4.709166666666667e-20
1201.0,1.003e-20,0,4.615200000000001e-20
1203.5,1.01108e-20,0,4.7512e-20
1206.0,1.2782000000000001e-20,0,4.7339999999999996e-20
1208.5,9.1568e-21,0,4.6608000000000007e-20
1211.0,1.0154799999999999e-20,0,4.6224e-20
1213.55,1.0394615384615383e-20,0,4.635384615384615e-20
1216.1,9.92e-21,0,4.726e-20
1218.6,9.4136e-21,0,4.7943999999999995e-20
1221.1,1.01084e-20,0,4.8587999999999997e-20
1223.65,9.194615384615384e-21,0,4.806538461538462e-20
1226.2,8.0532e-21,0,4.7328e-20
1228.75,1.0579615384615382e-20,0,4.737307692307692e-20
1231.3,9.98e-21,0,4.8255999999999997e-20
1233.85,1.206923076923077e-20,0,4.8523076923076916e-20
1236.3999999999999,1.10856e-20,0,4.7595999999999994e-20
1238.9499999999998,8.609615384615385e-21,0,4.811153846153846e-20
1241.55,8.718461538461539e-21,0,4.796923076923077e-20
1244.1,9.8212e-21,0,4.844400000000001e-20
1246.65,1.0431923076923077e-20,0,4.9084615384615394e-20
1249.25,9.888846153846156e-21,0,4.870384615384616e-20
1251.85,1.0345384615384616e-20,0,4.876538461538462e-20
1254.4499999999998,1.0646153846153844e-20,0,4.921538461538462e-20
1257.05,1.1230434782608694e-20,0,4.9315384615384616e-20
1259.65,0.0,0,4.924615384615385e-20
1262.25,1.1087500000000001e-20,0,4.971538461538461e-20
1264.85,1.0955e-20,0,5.009615384615384e-20
1267.5,1.1829259259259256e-20,0,4.879259259259259e-20
1270.15,1.025346153846154e-20,0,4.8457692307692304e-20
1272.75,1.2043846153846155e-20,1,4.871538461538462e-20
1275.35,1.3687692307692308e-20,1,4.9203846153846153e-20
1278.0,9.655925925925927e-21,1,4.990740740740741e-20
1280.65,9.229615384615385e-21,0,5.086538461538462e-20
1283.3,1.0485925925925925e-20,0,4.936666666666666e-20
1286.0,1.0742962962962964e-20,0,4.96925925925926e-20
1288.65,9.340769230769232e-21,0,4.9834615384615377e-20
1291.3,9.819259259259262e-21,0,4.946666666666666e-20
1294.0,9.121111111111112e-21,0,5.0862962962962956e-20
1296.65,9.560769230769229e-21,0,5.001153846153846e-20
1299.3,1.1034814814814815e-20,0,4.905555555555556e-20
1302.0,2.887407407407408e-21,1,5.0170370370370365e-20
1304.7,1.5466666666666668e-21,1,5.051851851851851e-20
1307.3999999999999,1.9544444444444443e-21,1,5.001111111111111e-20
1310.1000000000001,4.5455555555555556e-21,1,5.186666666666667e-20
1312.8,9.696666666666665e-21,0,5.164444444444445e-20
1315.55,8.530357142857143e-21,0,5.120714285714285e-20
1318.3,1.0549090909090908e-20,0,5.0959259259259267e-20
1321.0,1.0170000000000001e-20,0,5.2251851851851853e-20
1323.75,9.157142857142857e-21,0,5.3628571428571427e-20
1326.5,8.065555555555555e-21,0,5.3703703703703705e-20
1329.2,1.0467037037037036e-20,0,5.236666666666667e-20
1331.95,1.1585714285714281e-20,0,5.189642857142856e-20
1334.7,1.162111111111111e-20,0,5.272962962962962e-20
1337.45,1.1083214285714287e-20,0,5.3475e-20
1340.25,9.80607142857143e-21,0,5.2896428571428577e-20
1343.05,9.556785714285715e-21,0,5.180357142857144e-20
1345.8,1.0165555555555554e-20,0,5.281851851851853e-20
1348.55,1.0477500000000001e-20,0,5.2796428571428574e-20
1351.35,1.0589285714285715e-20,0,5.3192857142857135e-20
1354.15,1.0752857142857144e-20,0,5.1378571428571436e-20
1356.95,9.723214285714285e-21,0,5.061428571428572e-20
1359.75,1.144892857142857e-20,0,5.219642857142857e-20
1362.55,1.0759285714285714e-20,0,5.446785714285715e-20
1365.35,9.720000000000003e-21,0,5.479642857142858e-20
1368.2,1.095413793103448e-20,0,5.3596551724137926e-20
1371.0499999999997,1.1696428571428574e-20,0,5.3174999999999996e-20
1373.85,1.1810714285714289e-20,0,5.334285714285714e-20
1376.7,1.1799999999999999e-20,0,5.40448275862069e-20
1379.5499999999997,0.0,0,5.375714285714285e-20
1382.3999999999999,1.0578947368421053e-20,0,5.4079310344827586e-20
1385.25,1.0984285714285715e-20,0,5.545714285714284e-20
1388.1,1.0538275862068966e-20,0,5.577931034482758e-20
1391.0,1.0250344827586205e-20,0,5.513103448275863e-20
1393.85,1.3194285714285713e-20,0,5.379285714285714e-20
1396.7,1.282413793103448e-20,0,5.3210344827586196e-20
1399.6,1.1662068965517243e-20,0,5.397241379310346e-20
1402.5,1.136896551724138e-20,0,5.453448275862069e-20
1405.3999999999999,1.1868965517241378e-20,0,5.416206896551725e-20
1408.3,1.176896551724138e-20,0,5.402758620689656e-20
1411.2,1.2055172413793104e-20,0,5.377241379310345e-20
1414.1,1.0659999999999999e-20,0,5.453793103448276e-20
1417.0,1.1286206896551727e-20,0,5.567241379310343e-20
1419.95,1.1833333333333334e-20,0,5.677333333333334e-20
1422.8999999999999,1.1803448275862068e-20,0,5.679310344827586e-20
1425.8,1.141655172413793e-20,0,5.667241379310345e-20
1428.75,1.1851000000000001e-20,0,5.711999999999999e-20
1431.7,1.0531034482758621e-20,0,5.635172413793103e-20
1434.6499999999999,1.1483333333333335e-20,0,5.619666666666666e-20
1437.6499999999999,1.4594736842105264e-20,0,5.621666666666666e-20
1440.6,1.55e-20,0,5.73344827586207e-20
1443.55,1.1648666666666667e-20,0,5.685333333333333e-20
1446.55,9.864666666666668e-21,0,5.608333333333333e-20
1449.55,1.07135e-20,0,5.771333333333334e-20
1452.55,0.0,0,5.751333333333334e-20
1455.55,0.0,0,5.675999999999999e-20
1458.55,0.0,0,2.456000000000001e-19
1461.55,0.0,0,5.552e-19
1464.55,0.0,0,5.540333333333334e-19
1467.55,0.0,0,8.084333333333336e-19
1470.55,0.0,0,1.2740666666666671e-18
1473.6,0.0,0,7.949032258064513e-19
1476.6499999999999,0.0,0,1.2741666666666667e-19
1479.6999999999996,0.0,0,1.4021290322580645e-19
1482.75,0.0,0,1.711000000000001e-19
1485.8000000000002,0.0,0,8.584516129032256e-20
1488.85,3.22e-20,0,7.602666666666669e-20
1491.9,3.618064516129032e-20,0,1.9403225806451614e-19
1495.0,6.129999999999999e-20,0,3.041612903225805e-19
1498.1,1.0502e-19,0,3.6658064516129035e-19
1501.1999999999996,6.5925e-20,0,2.474516129032258e-19
1504.25,1.3503333333333333e-20,0,6.880333333333333e-20
1507.35,1.1205625e-20,0,5.95e-20
1510.5,1.245806451612903e-20,0,5.866451612903225e-20
1513.6,1.2222580645161295e-20,0,5.888064516129032e-20
1516.6999999999996,1.2345161290322584e-20,0,6.012258064516129e-20
1519.8000000000002,1.161935483870968e-20,0,5.982903225806452e-20
1522.95,1.2647812499999998e-20,0,5.969687499999999e-20
1526.1,1.1810967741935483e-20,0,5.916129032258063e-20
1529.1999999999996,1.1951612903225803e-20,0,5.952258064516127e-20
1532.35,1.1528125e-20,0,6.02875e-20
1535.5,1.1367741935483871e-20,0,6.004193548387098e-20
1538.6499999999999,1.2984375e-20,0,5.926249999999999e-20
1541.85,1.3115624999999999e-20,0,5.81625e-20
1545.05,1.15309375e-20,1,5.773749999999999e-20
1548.1999999999996,1.5754838709677418e-20,1,5.821935483870969e-20
1551.35,1.5793749999999998e-20,0,5.902812499999999e-20
1554.55,1.1453125000000001e-20,0,5.945312499999999e-20
1557.75,1.077842105263158e-20,0,5.990312499999999e-20
1560.95,1.2949999999999998e-20,0,5.924375e-20
1564.2,1.2642424242424243e-20,0,5.833939393939394e-20
1567.45,1.27e-20,0,5.808749999999999e-20
1570.6499999999999,1.341875e-20,0,5.840625e-20
1573.85,1.1528124999999999e-20,0,5.880625000000001e-20
1577.1,1.0249090909090909e-20,1,5.939393939393938e-20
1580.35,1.13284375e-20,0,5.97625e-20
1583.6,1.017939393939394e-20,0,6.002121212121213e-20
1586.85,1.12578125e-20,0,6.1153125e-20
1590.1,1.1545454545454545e-20,1,6.24818181818182e-20
1593.3999999999999,1.1781515151515153e-20,1,6.189393939393939e-20
1596.7,1.2442424242424242e-20,0,6.209090909090909e-20
1600.0,1.2615151515151516e-20,0,6.256060606060606e-20
1603.25,1.289375e-20,0,6.217499999999999e-20
1606.5,1.1724242424242425e-20,0,6.232424242424243e-20
1609.8500000000001,1.2888235294117647e-20,0,6.199705882352941e-20
1613.2,1.2687878787878787e-20,0,6.198484848484849e-20
1616.5,1.2234375e-20,0,6.184545454545455e-20
1619.8,0.0,0,6.148484848484848e-20
1623.1,1.165e-20,0,6.232424242424243e-20
1626.4499999999998,1.1870588235294118e-20,0,6.275000000000001e-20
1629.8,1.2390909090909092e-20,0,6.240909090909091e-20
1633.1499999999999,1.2897058823529413e-20,0,6.295294117647058e-20
1636.5,1.336060606060606e-20,0,6.409393939393939e-20
1639.8500000000001,1.2832352941176472e-20,0,6.363235294117646e-20
1643.25,1.3164705882352942e-20,0,6.359411764705883e-20
1646.6499999999999,1.196470588235294e-20,0,6.27970588235294e-20
1650.05,1.2194117647058823e-20,0,6.309411764705883e-20
1653.3999999999999,1.3878787878787876e-20,0,6.375757575757577e-20
1656.75,1.3161764705882354e-20,0,6.319999999999999e-20
1660.2,1.2422857142857143e-20,0,6.318571428571429e-20
1663.6499999999999,1.216470588235294e-20,0,6.437647058823529e-20
1667.05,1.3229411764705883e-20,0,6.484117647058823e-20
1670.4499999999998,1.3558823529411765e-20,0,6.485588235294117e-20
1673.8500000000001,1.3261764705882354e-20,0,6.50470588235294e-20
1677.3,1.2955999999999998e-20,0,6.432285714285715e-20
1680.75,1.2679999999999999e-20,0,6.478529411764706e-20
1684.2,1.2871428571428575e-20,0,6.571428571428571e-20
1687.7,1.295657142857143e-20,0,6.476285714285715e-20
1691.1499999999999,1.3158823529411765e-20,0,6.41029411764706e-20
1694.6,1.5171428571428567e-20,0,6.405714285714286e-20
1698.1,1.356571428571428e-20,0,6.493714285714286e-20
1701.6,1.3234285714285713e-20,0,6.622285714285714e-20
1705.1,1.4531428571428572e-20,0,6.568285714285714e-20
1708.6,1.2859999999999998e-20,0,6.44342857142857e-20
1712.1,1.3271428571428572e-20,0,6.505142857142856e-20
1715.6,1.360857142857143e-20,0,6.536285714285713e-20
1719.1,1.336285714285714e-20,0,6.580285714285714e-20
1722.65,1.3502777777777776e-20,0,6.658333333333334e-20
1726.2,1.3834285714285716e-20,0,6.652857142857143e-20
1729.7,1.2685714285714286e-20,0,6.555142857142857e-20
1733.25,1.422222222222222e-20,0,6.693055555555555e-20
1736.85,1.3210000000000002e-20,0,6.798611111111111e-20
1740.4,1.3799999999999998e-20,0,6.789714285714287e-20
1743.9499999999998,1.315555555555556e-20,0,6.750833333333333e-20
1747.55,1.3552777777777777e-20,0,6.599166666666667e-20
1751.15,1.2445e-20,0,6.632222222222224e-20
1754.75,1.1483333333333335e-20,0,6.760555555555556e-20
1758.35,1.3436111111111113e-20,0,6.816666666666666e-20
1761.9499999999998,1.6094444444444442e-20,0,6.714444444444444e-20
1765.55,1.499722222222222e-20,0,6.674444444444445e-20
1769.15,1.3147222222222222e-20,0,6.653333333333334e-20
1772.8000000000002,1.3916216216216217e-20,0,6.722702702702704e-20
1776.4499999999998,1.1955555555555557e-20,0,6.749722222222221e-20
1780.05,1.17e-20,0,6.691111111111111e-20
1783.6999999999998,1.3665135135135136e-20,0,6.69783783783784e-20
1787.4,1.3472972972972976e-20,0,6.692702702702703e-20
1791.05,1.3383333333333333e-20,0,6.674166666666666e-20
1794.6999999999998,1.2808108108108109e-20,0,6.867567567567569e-20
1798.4,1.2979999999999997e-20,0,6.835405405405407e-20
1802.1,1.2919999999999998e-20,0,6.862702702702704e-20
1805.8000000000002,1.392162162162162e-20,0,6.845405405405405e-20
1809.5,1.3500000000000003e-20,0,6.70054054054054e-20
1813.1999999999998,1.6848648648648644e-20,1,6.873783783783784e-20
1816.9,1.4994594594594596e-20,1,6.932972972972974e-20
1820.5999999999995,1.48972972972973e-20,0,6.888378378378379e-20
1824.3500000000001,1.4671052631578953e-20,0,6.907894736842105e-20
1828.0999999999995,1.5359459459459465e-20,0,6.953513513513512e-20
1831.8500000000001,1.537631578947368e-20,0,6.977368421052632e-20
1835.5999999999995,1.523783783783784e-20,0,7.026216216216215e-20
1839.3500000000001,1.463421052631579e-20,0,7.058684210526316e-20
1843.1499999999996,1.4881578947368424e-20,0,6.998684210526317e-20
1846.9,1.4016216216216215e-20,0,6.941081081081082e-20
1850.6499999999996,1.4802631578947366e-20,0,6.957894736842107e-20
1854.45,1.4178947368421047e-20,0,7.030526315789473e-20
1858.25,1.466470588235294e-20,0,7.06157894736842e-20
1862.05,1.3375000000000002e-20,0,6.92263157894737e-20
1865.9,1.2551282051282055e-20,0,6.874615384615386e-20
1869.75,1.4092105263157897e-20,0,6.939210526315788e-20
1873.55,1.5218421052631582e-20,0,7.222105263157895e-20
1877.4,1.3789743589743584e-20,0,7.186666666666668e-20
1881.25,1.3976315789473682e-20,0,7.180789473684211e-20
1885.1,1.41025641025641e-20,0,7.254102564102564e-20
1888.95,1.383947368421052e-20,0,7.215e-20
1892.8,1.365897435897436e-20,0,7.134871794871795e-20
1896.7,1.5869230769230774e-20,0,7.101282051282052e-20
1900.6,1.516666666666667e-20,0,7.195641025641027e-20
1904.5,1.3089743589743594e-20,0,7.265128205128205e-20
1908.4,5.258888888888888e-21,1,7.226410256410257e-20
1912.3,0.0,0,7.167692307692307e-20
1916.2,0.0,0,7.257948717948718e-20
1920.1,0.0,0,9.782051282051279e-20
1924.05,0.0,0,1.159e-19
1928.0,0.0,0,1.2288461538461536e-19
1931.8999999999999,0.0,0,1.3853846153846156e-19
1935.85,0.0,0,1.58975e-19
1939.85,0.0,0,1.7760000000000005e-19
1943.8,0.0,0,1.238205128205128e-19
1947.75,0.0,0,7.289499999999999e-20
1951.75,0.0,0,9.12025e-20
1955.75,0.0,0,1.0562499999999999e-19
1959.75,0.0,0,1.0784e-19
1963.75,0.0,0,9.685499999999999e-20
1967.8000000000002,0.0,0,9.842682926829267e-20
1971.85,0.0,0,9.54775e-20
1975.85,0.0,0,9.696e-20
1979.8999999999999,0.0,0,1.1209756097560974e-19
1983.95,1.9862500000000003e-20,0,8.90425e-20
1988.0,1.6446341463414635e-20,0,7.486341463414635e-20
1992.1000000000001,7.902926829268292e-21,1,7.401951219512196e-20
1996.15,7.930249999999999e-21,1,7.5295e-20
2000.1999999999998,1.6463170731707317e-20,1,7.64780487804878e-20
2004.3000000000002,1.039170731707317e-20,1,7.615853658536586e-20
2008.3999999999999,2.922682926829268e-21,1,7.629268292682927e-20
2012.5,2.898048780487805e-21,1,7.68609756097561e-20
2016.6000000000001,3.1051219512195122e-21,1,7.754146341463414e-20
2020.75,2.748809523809524e-21,1,7.671904761904761e-20
2024.8999999999999,2.407317073170732e-21,1,7.656829268292684e-20
2029.0500000000002,2.4564285714285714e-21,1,7.524285714285714e-20
2033.1999999999998,2.081121951219512e-20,1,7.531951219512196e-20
2037.35,1.8732142857142857e-20,1,7.667142857142856e-20
2041.5,1.0993125e-20,1,7.757317073170731e-20
2045.65,2.451190476190476e-20,1,7.858333333333333e-20
2047.85,2.77e-20,0,7.9e-20
